Adobe After Effects 8.0 Keyframe Data

	Units Per Second	29.97
	Source Width	100
	Source Height	100
	Source Pixel Aspect Ratio	1
	Comp Pixel Aspect Ratio	1

Transform	Scale
	Frame	X percent	Y percent	Z percent	
	280	100	100	100	
	281	100	100	100	
	282	100	100	100	
	283	100.003	100.003	100	
	284	100.005	100.005	100	
	285	100.008	100.008	100	
	286	100.008	100.008	100	
	287	100.008	100.008	100	
	288	100.008	100.008	100	
	289	100.005	100.005	100	
	290	100.005	100.005	100	
	291	100	100	100	
	292	100	100	100	
	293	100	100	100	
	294	100	100	100	
	295	100	100	100	
	296	100	100	100	
	297	100	100	100	
	298	100	100	100	
	299	99.9975	99.9975	100	
	300	99.99	99.99	100	
	301	99.9874	99.9874	100	
	302	99.9799	99.9799	100	
	303	99.9699	99.9699	100	
	304	99.9699	99.9699	100	
	305	99.9648	99.9648	100	
	306	99.9674	99.9674	100	
	307	99.9648	99.9648	100	
	308	99.9548	99.9548	100	
	309	99.9523	99.9523	100	
	310	99.9523	99.9523	100	
	311	99.9548	99.9548	100	
	312	99.9548	99.9548	100	
	313	99.9548	99.9548	100	
	314	99.9523	99.9523	100	
	315	99.9473	99.9473	100	
	316	99.9473	99.9473	100	
	317	99.9447	99.9447	100	
	318	99.9422	99.9422	100	
	319	99.9422	99.9422	100	
	320	99.9397	99.9397	100	
	321	99.9372	99.9372	100	
	322	99.9372	99.9372	100	
	323	99.9372	99.9372	100	
	324	99.9347	99.9347	100	
	325	99.9322	99.9322	100	
	326	99.9322	99.9322	100	
	327	99.9297	99.9297	100	
	328	99.9322	99.9322	100	
	329	99.9322	99.9322	100	
	330	99.9297	99.9297	100	
	331	99.9272	99.9272	100	
	332	99.9247	99.9247	100	
	333	99.9247	99.9247	100	
	334	99.9221	99.9221	100	
	335	99.9221	99.9221	100	
	336	99.9171	99.9171	100	
	337	99.9146	99.9146	100	
	338	99.9146	99.9146	100	
	339	99.9121	99.9121	100	
	340	99.9121	99.9121	100	
	341	99.9121	99.9121	100	
	342	99.9096	99.9096	100	
	343	99.9096	99.9096	100	
	344	99.9096	99.9096	100	
	345	99.9096	99.9096	100	
	346	99.9121	99.9121	100	
	347	99.9121	99.9121	100	
	348	99.9096	99.9096	100	
	349	99.9096	99.9096	100	
	350	99.9121	99.9121	100	
	351	99.9146	99.9146	100	
	352	99.9146	99.9146	100	
	353	99.9146	99.9146	100	
	354	99.9171	99.9171	100	
	355	99.9146	99.9146	100	
	356	99.9171	99.9171	100	
	357	99.9171	99.9171	100	
	358	99.9171	99.9171	100	
	359	99.9171	99.9171	100	
	360	99.9171	99.9171	100	
	361	99.9146	99.9146	100	
	362	99.9171	99.9171	100	
	363	99.9221	99.9221	100	
	364	99.9221	99.9221	100	
	365	99.9247	99.9247	100	
	366	99.9221	99.9221	100	
	367	99.9196	99.9196	100	
	368	99.9171	99.9171	100	
	369	99.9196	99.9196	100	
	370	99.9221	99.9221	100	
	371	99.9196	99.9196	100	
	372	99.9196	99.9196	100	
	373	99.9221	99.9221	100	
	374	99.9196	99.9196	100	
	375	99.9221	99.9221	100	
	376	99.9196	99.9196	100	
	377	99.9221	99.9221	100	
	378	99.9196	99.9196	100	
	379	99.9221	99.9221	100	
	380	99.9196	99.9196	100	
	381	99.9221	99.9221	100	
	382	99.9221	99.9221	100	
	383	99.9221	99.9221	100	
	384	99.9247	99.9247	100	
	385	99.9247	99.9247	100	
	386	99.9247	99.9247	100	
	387	99.9247	99.9247	100	
	388	99.9272	99.9272	100	
	389	99.9272	99.9272	100	
	390	99.9272	99.9272	100	
	391	99.9272	99.9272	100	
	392	99.9272	99.9272	100	
	393	99.9272	99.9272	100	
	394	99.9272	99.9272	100	
	395	99.9272	99.9272	100	
	396	99.9272	99.9272	100	
	397	99.9272	99.9272	100	
	398	99.9272	99.9272	100	
	399	99.9297	99.9297	100	
	400	99.9297	99.9297	100	
	401	99.9297	99.9297	100	
	402	99.9297	99.9297	100	
	403	99.9297	99.9297	100	
	404	99.9297	99.9297	100	
	405	99.9297	99.9297	100	
	406	99.9297	99.9297	100	
	407	99.9297	99.9297	100	
	408	99.9297	99.9297	100	
	409	99.9322	99.9322	100	
	410	99.9322	99.9322	100	
	411	99.9322	99.9322	100	
	412	99.9322	99.9322	100	
	413	99.9322	99.9322	100	
	414	99.9322	99.9322	100	
	415	99.9322	99.9322	100	
	4152	99.9322	99.9322	100	
	4153	99.9397	99.9397	100	
	4154	99.9448	99.9448	100	
	4155	99.9473	99.9473	100	
	4156	99.9598	99.9598	100	
	4157	99.9699	99.9699	100	
	4158	99.9599	99.9599	100	
	4159	99.9598	99.9598	100	
	4160	99.9648	99.9648	100	
	4161	99.9674	99.9674	100	
	4162	99.9648	99.9648	100	
	4163	99.9648	99.9648	100	
	4164	99.9623	99.9623	100	
	4165	99.9598	99.9598	100	
	4166	99.9548	99.9548	100	
	4167	99.9648	99.9648	100	
	4168	99.9774	99.9774	100	
	4169	99.9849	99.9849	100	
	4170	99.9724	99.9724	100	
	4171	99.9674	99.9674	100	
	4172	99.9624	99.9624	100	
	4173	99.9675	99.9675	100	
	4174	99.9725	99.9725	100	
	4175	99.9675	99.9675	100	
	4176	99.9675	99.9675	100	
	4177	99.9725	99.9725	100	
	4178	99.9725	99.9725	100	
	4179	99.8921	99.8921	100	
	4180	100.379	100.379	100	
	4181	100.583	100.583	100	
	4182	101.128	101.128	100	
	4183	101.507	101.507	100	
	4184	101.801	101.801	100	
	4185	102.369	102.369	100	
	4186	102.666	102.666	100	
	4187	103.045	103.045	100	
	4188	103.598	103.598	100	
	4189	103.836	103.836	100	
	4190	104.263	104.263	100	
	4191	104.791	104.791	100	
	4192	104.997	104.997	100	
	4193	105.426	105.426	100	
	4194	105.911	105.911	100	
	4195	106.13	106.13	100	
	4196	106.617	106.617	100	
	4197	107.072	107.072	100	
	4198	107.356	107.356	100	
	4199	107.843	107.843	100	
	4200	108.26	108.26	100	
	4201	108.609	108.609	100	
	4202	109.087	109.087	100	
	4203	109.456	109.456	100	
	4204	109.85	109.85	100	
	4205	110.305	110.305	100	
	4206	110.639	110.639	100	
	4207	111.058	111.058	100	
	4208	111.491	111.491	100	
	4209	111.822	111.822	100	
	4210	112.206	112.206	100	
	4211	112.649	112.649	100	
	4212	113.071	113.071	100	
	4213	113.508	113.508	100	
	4214	113.933	113.933	100	
	4215	114.342	114.342	100	
	4216	114.751	114.751	100	
	4217	115.159	115.159	100	
	4218	115.595	115.595	100	
	4219	115.992	115.992	100	
	4220	116.391	116.391	100	
	4221	116.884	116.884	100	
	4222	117.286	117.286	100	
	4223	117.713	117.713	100	
	4224	118.198	118.198	100	
	4225	118.532	118.532	100	
	4226	119.006	119.006	100	
	4227	119.451	119.451	100	
	4228	119.773	119.773	100	
	4229	120.267	120.267	100	
	4230	120.717	120.717	100	
	4231	121.001	121.001	100	
	4232	121.511	121.511	100	
	4233	121.961	121.961	100	
	4234	122.232	122.232	100	
	4235	122.737	122.737	100	
	4236	123.076	123.076	100	
	4237	123.32	123.32	100	
	4238	123.815	123.815	100	
	4239	124.146	124.146	100	
	4240	124.623	124.623	100	
	4241	125.139	125.139	100	
	4242	125.377	125.377	100	
	4243	125.937	125.937	100	
	4244	126.392	126.392	100	
	4245	126.565	126.565	100	
	4246	127.161	127.161	100	
	4247	127.595	127.595	100	
	4248	127.786	127.786	100	
	4249	128.386	128.386	100	
	4250	128.831	128.831	100	
	4251	129.009	129.009	100	
	4252	129.602	129.602	100	
	4253	130.08	130.08	100	
	4254	130.238	130.238	100	
	4255	130.811	130.811	100	
	4256	130.944	130.944	100	
	4257	131.479	131.479	100	
	4258	132.026	132.026	100	
	4259	132.14	132.14	100	
	4260	132.74	132.74	100	
	4261	133.272	133.272	100	
	4262	133.393	133.393	100	
	4263	133.999	133.999	100	
	4264	134.536	134.536	100	
	4265	134.644	134.644	100	
	4266	135.255	135.255	100	
	4267	135.83	135.83	100	
	4268	135.908	135.908	100	
	4269	136.521	136.521	100	
	4270	137.154	137.154	100	
	4271	137.169	137.169	100	
	4272	137.789	137.789	100	
	4273	138.38	138.38	100	
	4274	138.412	138.412	100	
	4275	139.058	139.058	100	
	4276	139.046	139.046	100	
	4277	139.658	139.658	100	
	4278	140.354	140.354	100	
	4279	140.294	140.294	100	
	4280	140.721	140.721	100	
	4281	141.504	141.504	100	
	4282	141.957	141.957	100	
	4283	142.005	142.005	100	
	4284	142.369	142.369	100	
	4285	142.439	142.439	100	
	4286	142.519	142.519	100	
	4287	142.894	142.894	100	
	4288	143.625	143.625	100	
	4289	143.738	143.738	100	
	4290	143.954	143.954	100	
	4291	144.413	144.413	100	
	4292	144.559	144.559	100	
	4293	144.725	144.725	100	
	4294	144.687	144.687	100	
	4295	145.057	145.057	100	
	4296	145.089	145.089	100	
	4297	145.127	145.127	100	
	4298	145.532	145.532	100	
	4299	145.652	145.652	100	
	4300	145.709	145.709	100	
	4301	145.777	145.777	100	
	4302	146.835	146.835	100	
	4303	147.016	147.016	100	
	4304	147.136	147.136	100	
	4305	147.654	147.654	100	
	4306	147.865	147.865	100	
	4307	147.915	147.915	100	
	4308	147.955	147.955	100	
	4309	148.277	148.277	100	
	4310	148.327	148.327	100	
	4311	148.315	148.315	100	
	4312	148.347	148.347	100	
	4313	148.81	148.81	100	
	4314	148.875	148.875	100	
	4315	149.513	149.513	100	
	4316	149.676	149.676	100	
	4317	150.256	150.256	100	
	4318	150.325	150.325	100	
	4319	150.385	150.385	100	
	4320	151.005	151.005	100	
	4321	151.086	151.086	100	
	4322	151.136	151.136	100	
	4323	151.211	151.211	100	
	4324	151.786	151.786	100	
	4325	151.522	151.522	100	
	4326	151.523	151.523	100	
	4327	151.565	151.565	100	
	4328	152.708	152.708	100	
	4329	152.809	152.809	100	
	4330	152.897	152.897	100	
	4331	153.472	153.472	100	
	4332	153.555	153.555	100	
	4333	153.723	153.723	100	
	4334	153.736	153.736	100	
	4335	154.321	154.321	100	
	4336	154.379	154.379	100	
	4337	154.439	154.439	100	
	4338	154.537	154.537	100	
	4339	155.155	155.155	100	
	4340	155.183	155.183	100	
	4341	155.321	155.321	100	
	4342	155.984	155.984	100	
	4343	156.049	156.049	100	
	4344	156.122	156.122	100	
	4345	156.81	156.81	100	
	4346	156.917	156.917	100	
	4347	156.903	156.903	100	
	4348	156.931	156.931	100	
	4349	157.622	157.622	100	
	4350	157.652	157.652	100	
	4351	157.649	157.649	100	
	4352	157.72	157.72	100	
	4353	158.501	158.501	100	
	4354	158.594	158.594	100	
	4355	158.644	158.644	100	
	4356	158.707	158.707	100	
	4357	158.863	158.863	100	
	4358	159.601	159.601	100	
	4359	159.601	159.601	100	
	4360	159.596	159.596	100	
	4361	159.656	159.656	100	
	4362	160.352	160.352	100	
	4363	160.548	160.548	100	
	4364	160.636	160.636	100	
	4365	160.651	160.651	100	
	4366	160.717	160.717	100	
	4367	161.465	161.465	100	
	4368	161.651	161.651	100	
	4369	161.631	161.631	100	
	4370	161.641	161.641	100	
	4371	161.704	161.704	100	
	4372	162.455	162.455	100	
	4373	162.701	162.701	100	
	4374	162.698	162.698	100	
	4375	162.774	162.774	100	
	4376	162.754	162.754	100	
	4377	163.465	163.465	100	
	4378	163.693	163.693	100	
	4379	163.711	163.711	100	
	4380	163.746	163.746	100	
	4381	164.341	164.341	100	
	4382	164.58	164.58	100	
	4383	164.768	164.768	100	
	4384	164.819	164.819	100	
	4385	165.12	165.12	100	
	4386	165.306	165.306	100	
	4387	165.515	165.515	100	
	4388	165.715	165.715	100	
	4389	165.728	165.728	100	
	4390	166.135	166.135	100	
	4391	166.391	166.391	100	
	4392	166.635	166.635	100	
	4393	166.781	166.781	100	
	4394	166.75	166.75	100	
	4395	167.11	167.11	100	
	4396	167.346	167.346	100	
	4397	167.607	167.607	100	
	4398	167.778	167.778	100	
	4399	167.954	167.954	100	
	4400	168.228	168.228	100	
	4401	168.456	168.456	100	
	4402	168.71	168.71	100	
	4403	168.77	168.77	100	
	4404	168.939	168.939	100	
	4405	169.205	169.205	100	
	4406	169.448	169.448	100	
	4407	169.72	169.72	100	
	4408	169.853	169.853	100	
	4409	170.084	170.084	100	
	4410	170.32	170.32	100	
	4411	170.531	170.531	100	
	4412	170.687	170.687	100	
	4413	170.755	170.755	100	
	4414	171.018	171.018	100	
	4415	171.257	171.257	100	
	4416	171.508	171.508	100	
	4417	171.737	171.737	100	
	4418	171.825	171.825	100	
	4419	172.116	172.116	100	
	4420	172.327	172.327	100	
	4421	172.511	172.511	100	
	4422	172.664	172.664	100	
	4423	172.784	172.784	100	
	4424	173.081	173.081	100	
	4425	173.345	173.345	100	
	4426	173.626	173.626	100	
	4427	173.762	173.762	100	
	4428	173.93	173.93	100	
	4429	174.186	174.186	100	
	4430	174.355	174.355	100	
	4431	174.601	174.601	100	
	4432	174.727	174.727	100	
	4433	174.95	174.95	100	
	4434	175.239	175.239	100	
	4435	174.93	174.93	100	
	4436	174.643	174.643	100	
	4437	174.569	174.569	100	
	4438	174.437	174.437	100	
	4439	174.239	174.239	100	
	4440	173.985	173.985	100	
	4441	173.727	173.727	100	
	4442	173.505	173.505	100	
	4443	173.367	173.367	100	
	4444	173.122	173.122	100	
	4445	172.973	172.973	100	
	4446	172.807	172.807	100	
	4447	172.493	172.493	100	
	4448	172.29	172.29	100	
	4449	172.199	172.199	100	
	4450	171.938	171.938	100	
	4451	171.682	171.682	100	
	4452	171.544	171.544	100	
	4453	171.34	171.34	100	
	4454	171.132	171.132	100	
	4455	170.938	170.938	100	
	4456	170.7	170.7	100	
	4457	170.504	170.504	100	
	4458	170.255	170.255	100	
	4459	169.953	169.953	100	
	4460	169.959	169.959	100	
	4461	169.823	169.823	100	
	4462	169.504	169.504	100	
	4463	169.258	169.258	100	
	4464	169.079	169.079	100	
	4465	168.712	168.712	100	
	4466	168.72	168.72	100	
	4467	168.56	168.56	100	
	4468	168.373	168.373	100	
	4469	168.074	168.074	100	
	4470	167.818	167.818	100	
	4471	167.494	167.494	100	
	4472	167.537	167.537	100	
	4473	167.396	167.396	100	
	4474	167.117	167.117	100	
	4475	166.424	166.424	100	
	4476	166.366	166.366	100	
	4477	166.296	166.296	100	
	4478	166.256	166.256	100	
	4479	166.103	166.103	100	
	4480	165.954	165.954	100	
	4481	165.198	165.198	100	
	4482	165.163	165.163	100	
	4483	165.155	165.155	100	
	4484	165.067	165.067	100	
	4485	164.811	164.811	100	
	4486	164.641	164.641	100	
	4487	164.068	164.068	100	
	4488	163.955	163.955	100	
	4489	163.914	163.914	100	
	4490	163.885	163.885	100	
	4491	163.646	163.646	100	
	4492	163.407	163.407	100	
	4493	162.759	162.759	100	
	4494	162.779	162.779	100	
	4495	162.734	162.734	100	
	4496	162.681	162.681	100	
	4497	162.428	162.428	100	
	4498	161.649	161.649	100	
	4499	161.618	161.618	100	
	4500	161.709	161.709	100	
	4501	161.674	161.674	100	
	4502	160.943	160.943	100	
	4503	160.983	160.983	100	
	4504	161.021	161.021	100	
	4505	161.005	161.005	100	
	4506	160.244	160.244	100	
	4507	160.29	160.29	100	
	4508	160.35	160.35	100	
	4509	160.245	160.245	100	
	4510	159.589	159.589	100	
	4511	159.564	159.564	100	
	4512	159.677	159.677	100	
	4513	159.536	159.536	100	
	4514	158.901	158.901	100	
	4515	158.91	158.91	100	
	4516	158.949	158.949	100	
	4517	158.878	158.878	100	
	4518	158.232	158.232	100	
	4519	158.267	158.267	100	
	4520	158.28	158.28	100	
	4521	157.579	157.579	100	
	4522	157.577	157.577	100	
	4523	157.592	157.592	100	
	4524	157.627	157.627	100	
	4525	156.919	156.919	100	
	4526	156.928	156.928	100	
	4527	156.903	156.903	100	
	4528	156.333	156.333	100	
	4529	156.283	156.283	100	
	4530	156.241	156.241	100	
	4531	156.243	156.243	100	
	4532	156.168	156.168	100	
	4533	155.64	155.64	100	
	4534	155.509	155.509	100	
	4535	155.645	155.645	100	
	4536	155.494	155.494	100	
	4537	154.856	154.856	100	
	4538	154.821	154.821	100	
	4539	154.826	154.826	100	
	4540	154.243	154.243	100	
	4541	154.173	154.173	100	
	4542	154.183	154.183	100	
	4543	154.137	154.137	100	
	4544	153.545	153.545	100	
	4545	153.514	153.514	100	
	4546	153.468	153.468	100	
	4547	153.477	153.477	100	
	4548	152.85	152.85	100	
	4549	152.861	152.861	100	
	4550	152.758	152.758	100	
	4551	152.729	152.729	100	
	4552	152.143	152.143	100	
	4553	152.096	152.096	100	
	4554	152.085	152.085	100	
	4555	151.96	151.96	100	
	4556	151.445	151.445	100	
	4557	150.814	150.814	100	
	4558	150.789	150.789	100	
	4559	150.734	150.734	100	
	4560	150.189	150.189	100	
	4561	150.156	150.156	100	
	4562	150.119	150.119	100	
	4563	149.641	149.641	100	
	4564	149.545	149.545	100	
	4565	149.511	149.511	100	
	4566	149.49	149.49	100	
	4567	149.001	149.001	100	
	4568	148.907	148.907	100	
	4569	148.875	148.875	100	
	4570	148.845	148.845	100	
	4571	148.36	148.36	100	
	4572	148.277	148.277	100	
	4573	148.249	148.249	100	
	4574	148.204	148.204	100	
	4575	147.729	147.729	100	
	4576	147.646	147.646	100	
	4577	147.598	147.598	100	
	4578	147.511	147.511	100	
	4579	147.073	147.073	100	
	4580	147.111	147.111	100	
	4581	147.171	147.171	100	
	4582	147.234	147.234	100	
	4583	147.774	147.774	100	
	4584	147.779	147.779	100	
	4585	147.681	147.681	100	
	4586	147.669	147.669	100	
	4587	147.644	147.644	100	
	4588	147.593	147.593	100	
	4589	147.531	147.531	100	
	4590	147.511	147.511	100	
	4591	146.94	146.94	100	
	4592	146.948	146.948	100	
	4593	146.943	146.943	100	
	4594	146.938	146.938	100	
	4595	146.938	146.938	100	
	4596	146.97	146.97	100	
	4597	146.993	146.993	100	
	4598	147.026	147.026	100	
	4599	147.068	147.068	100	
	4600	147.126	147.126	100	
	4601	147.267	147.267	100	
	4602	147.264	147.264	100	
	4603	147.149	147.149	100	
	4604	147.131	147.131	100	
	4605	147.099	147.099	100	
	4606	147.041	147.041	100	
	4607	146.966	146.966	100	
	4608	146.928	146.928	100	
	4609	146.353	146.353	100	
	4610	146.361	146.361	100	
	4611	146.376	146.376	100	
	4612	146.391	146.391	100	
	4613	146.411	146.411	100	
	4614	146.461	146.461	100	
	4615	146.496	146.496	100	
	4616	146.544	146.544	100	
	4617	146.604	146.604	100	
	4618	146.654	146.654	100	
	4619	147.076	147.076	100	
	4620	146.991	146.991	100	
	4621	146.991	146.991	100	
	4622	146.971	146.971	100	
	4623	146.925	146.925	100	
	4624	146.863	146.863	100	
	4625	146.795	146.795	100	
	4626	146.23	146.23	100	
	4627	146.238	146.238	100	
	4628	146.248	146.248	100	
	4629	146.253	146.253	100	
	4630	146.263	146.263	100	
	4631	146.28	146.28	100	
	4632	146.32	146.32	100	
	4633	146.348	146.348	100	
	4634	146.388	146.388	100	
	4635	146.428	146.428	100	
	4636	146.471	146.471	100	
	4637	146.614	146.614	100	
	4638	146.513	146.513	100	
	4639	146.501	146.501	100	
	4640	146.463	146.463	100	
	4641	146.403	146.403	100	
	4642	146.328	146.328	100	
	4643	146.287	146.287	100	
	4644	145.717	145.717	100	
	4645	145.732	145.732	100	
	4646	145.722	145.722	100	
	4647	145.707	145.707	100	
	4648	145.689	145.689	100	
	4649	145.654	145.654	100	
	4650	145.622	145.622	100	
	4651	145.619	145.619	100	
	4652	145.612	145.612	100	
	4653	145.622	145.622	100	
	4654	145.612	145.612	100	
	4655	145.604	145.604	100	
	4656	145.622	145.622	100	
	4657	145.614	145.614	100	
	4658	145.606	145.606	100	
	4659	145.614	145.614	100	
	4660	145.607	145.607	100	
	4661	145.609	145.609	100	
	4662	145.604	145.604	100	
	4663	145.594	145.594	100	
	4664	145.609	145.609	100	
	4665	145.599	145.599	100	
	4666	145.586	145.586	100	
	4667	145.609	145.609	100	
	4668	145.594	145.594	100	
	4669	145.589	145.589	100	
	4670	145.596	145.596	100	
	4671	145.586	145.586	100	
	4672	145.596	145.596	100	
	4673	145.594	145.594	100	
	4674	145.584	145.584	100	
	4675	145.604	145.604	100	
	4676	145.591	145.591	100	
	4677	145.581	145.581	100	
	4678	145.604	145.604	100	
	4679	145.589	145.589	100	
	4680	145.584	145.584	100	
	4681	145.596	145.596	100	
	4682	145.584	145.584	100	
	4683	145.591	145.591	100	
	4684	145.589	145.589	100	
	4685	145.579	145.579	100	
	4686	145.599	145.599	100	
	4687	145.589	145.589	100	
	4688	145.579	145.579	100	
	4689	145.599	145.599	100	
	4690	145.586	145.586	100	
	4691	145.584	145.584	100	
	4692	145.594	145.594	100	
	4693	145.586	145.586	100	
	4694	145.596	145.596	100	
	4695	145.596	145.596	100	
	4696	145.586	145.586	100	
	4697	145.604	145.604	100	
	4698	145.589	145.589	100	
	4699	145.579	145.579	100	
	4700	145.601	145.601	100	
	4701	145.589	145.589	100	
	4702	145.586	145.586	100	
	4703	145.594	145.594	100	
	4704	145.586	145.586	100	
	4705	145.596	145.596	100	
	4706	145.589	145.589	100	
	4707	145.586	145.586	100	
	4708	145.599	145.599	100	
	4709	145.589	145.589	100	
	4710	145.584	145.584	100	
	4711	145.604	145.604	100	
	4712	145.594	145.594	100	
	4713	145.591	145.591	100	
	4714	145.602	145.602	100	
	4715	145.596	145.596	100	
	4716	145.606	145.606	100	
	4717	145.607	145.607	100	
	4718	145.604	145.604	100	
	4719	145.617	145.617	100	
	4720	145.609	145.609	100	
	4721	145.604	145.604	100	
	4722	145.617	145.617	100	
	4723	145.612	145.612	100	
	4724	145.607	145.607	100	
	4725	145.617	145.617	100	
	4726	145.614	145.614	100	
	4727	145.617	145.617	100	
	4728	145.627	145.627	100	
	4729	145.634	145.634	100	
	4730	145.642	145.642	100	
	4731	145.634	145.634	100	
	4732	145.627	145.627	100	
	4733	145.622	145.622	100	
	4734	145.637	145.637	100	
	4735	145.659	145.659	100	
	4736	145.669	145.669	100	
	4737	145.672	145.672	100	
	4738	145.677	145.677	100	
	4739	145.679	145.679	100	
	4740	145.669	145.669	100	
	4741	145.649	145.649	100	
	4742	145.659	145.659	100	
	4743	145.669	145.669	100	
	4744	145.664	145.664	100	
	4745	145.677	145.677	100	
	4746	145.684	145.684	100	
	4747	145.682	145.682	100	
	4748	145.667	145.667	100	
	4749	145.669	145.669	100	
	4750	145.672	145.672	100	
	4751	145.679	145.679	100	
	4752	145.687	145.687	100	
	4753	145.687	145.687	100	
	4754	145.687	145.687	100	
	4755	145.697	145.697	100	
	4756	145.717	145.717	100	
	4757	145.712	145.712	100	
	4758	145.725	145.725	100	
	4759	145.732	145.732	100	
	4760	145.74	145.74	100	
	4761	145.742	145.742	100	
	4762	145.745	145.745	100	
	4763	145.762	145.762	100	
	4764	145.77	145.77	100	
	4765	145.77	145.77	100	
	4766	145.775	145.775	100	
	4767	145.772	145.772	100	
	4768	145.77	145.77	100	
	4769	145.767	145.767	100	
	4770	145.767	145.767	100	
	4771	145.767	145.767	100	
	4772	145.762	145.762	100	
	4773	145.755	145.755	100	
	4774	145.747	145.747	100	
	4775	145.74	145.74	100	
	4776	145.735	145.735	100	
	4777	145.73	145.73	100	
	4778	145.725	145.725	100	
	4779	145.707	145.707	100	
	4780	145.702	145.702	100	
	4781	145.687	145.687	100	
	4782	145.664	145.664	100	
	4783	145.659	145.659	100	
	4784	145.652	145.652	100	
	4785	145.647	145.647	100	
	4786	145.642	145.642	100	
	4787	145.627	145.627	100	
	4788	145.624	145.624	100	
	4789	145.614	145.614	100	
	4790	145.619	145.619	100	
	4791	145.612	145.612	100	
	4792	145.617	145.617	100	
	4793	145.637	145.637	100	
	4794	145.634	145.634	100	
	4795	145.634	145.634	100	
	4796	145.637	145.637	100	
	4797	145.637	145.637	100	
	4798	145.637	145.637	100	
	4799	145.639	145.639	100	
	4800	145.634	145.634	100	
	4801	145.624	145.624	100	
	4802	145.629	145.629	100	
	4803	145.642	145.642	100	
	4804	145.647	145.647	100	
	4805	145.662	145.662	100	
	4806	145.662	145.662	100	
	4807	145.647	145.647	100	
	4808	145.679	145.679	100	
	4809	145.669	145.669	100	
	4810	145.674	145.674	100	
	4811	145.715	145.715	100	
	4812	145.735	145.735	100	
	4813	145.752	145.752	100	
	4814	145.767	145.767	100	
	4815	145.775	145.775	100	
	4816	145.78	145.78	100	
	4817	145.765	145.765	100	
	4818	145.737	145.737	100	
	4819	145.717	145.717	100	
	4820	145.672	145.672	100	
	4821	145.642	145.642	100	
	4822	145.607	145.607	100	
	4823	145.589	145.589	100	
	4824	145.574	145.574	100	
	4825	145.591	145.591	100	
	4826	145.596	145.596	100	
	4827	145.609	145.609	100	
	4828	145.642	145.642	100	
	4829	145.664	145.664	100	
	4830	145.657	145.657	100	
	4831	145.644	145.644	100	
	4832	145.677	145.677	100	
	4833	145.667	145.667	100	
	4834	145.669	145.669	100	
	4835	145.702	145.702	100	
	4836	145.712	145.712	100	
	4837	145.74	145.74	100	
	4838	145.752	145.752	100	
	4839	145.757	145.757	100	
	4840	145.755	145.755	100	
	4841	145.737	145.737	100	
	4842	145.707	145.707	100	
	4843	145.679	145.679	100	
	4844	145.644	145.644	100	
	4845	145.609	145.609	100	
	4846	145.584	145.584	100	
	4847	145.566	145.566	100	
	4848	145.561	145.561	100	
	4849	145.571	145.571	100	
	4850	145.591	145.591	100	
	4851	145.614	145.614	100	
	4852	145.639	145.639	100	
	4853	145.649	145.649	100	
	4854	145.657	145.657	100	
	4855	145.664	145.664	100	
	4856	145.672	145.672	100	
	4857	145.664	145.664	100	
	4858	145.662	145.662	100	
	4859	145.682	145.682	100	
	4860	145.709	145.709	100	
	4861	145.732	145.732	100	
	4862	145.742	145.742	100	
	4863	145.75	145.75	100	
	4864	145.75	145.75	100	
	4865	145.73	145.73	100	
	4866	145.7	145.7	100	
	4867	145.664	145.664	100	
	4868	145.632	145.632	100	
	4869	145.599	145.599	100	
	4870	145.564	145.564	100	
	4871	145.544	145.544	100	
	4872	145.541	145.541	100	
	4873	145.554	145.554	100	
	4874	145.576	145.576	100	
	4875	145.576	145.576	100	
	4876	145.586	145.586	100	
	4877	145.601	145.601	100	
	4878	145.604	145.604	100	
	4879	145.629	145.629	100	
	4880	145.617	145.617	100	
	4881	145.637	145.637	100	
	4882	145.627	145.627	100	
	4883	145.639	145.639	100	
	4884	145.634	145.634	100	
	4885	145.639	145.639	100	
	4886	145.639	145.639	100	
	4887	145.632	145.632	100	
	4888	145.642	145.642	100	
	4889	145.637	145.637	100	
	4890	145.649	145.649	100	
	4891	145.639	145.639	100	
	4892	145.652	145.652	100	
	4893	145.639	145.639	100	
	4894	145.644	145.644	100	
	4895	145.647	145.647	100	
	4896	145.639	145.639	100	
	4897	145.659	145.659	100	
	4898	145.657	145.657	100	
	4899	145.674	145.674	100	
	4900	145.674	145.674	100	
	4901	145.689	145.689	100	
	4902	145.687	145.687	100	
	4903	145.704	145.704	100	
	4904	145.705	145.705	100	
	4905	145.715	145.715	100	
	4906	145.715	145.715	100	
	4907	145.717	145.717	100	
	4908	145.727	145.727	100	
	4909	145.717	145.717	100	
	4910	145.715	145.715	100	
	4911	145.702	145.702	100	
	4912	145.684	145.684	100	
	4913	145.659	145.659	100	
	4914	145.644	145.644	100	
	4915	145.637	145.637	100	
	4916	145.639	145.639	100	
	4917	145.637	145.637	100	
	4918	145.637	145.637	100	
	4919	145.624	145.624	100	
	4920	145.604	145.604	100	
	4921	145.561	145.561	100	
	4922	145.541	145.541	100	
	4923	145.539	145.539	100	
	4924	145.541	145.541	100	
	4925	145.549	145.549	100	
	4926	145.569	145.569	100	
	4927	145.599	145.599	100	
	4928	145.629	145.629	100	
	4929	145.654	145.654	100	
	4930	145.715	145.715	100	
	4931	145.73	145.73	100	
	4932	145.747	145.747	100	
	4933	145.755	145.755	100	
	4934	145.745	145.745	100	
	4935	145.732	145.732	100	
	4936	145.714	145.714	100	
	4937	145.697	145.697	100	
	4938	145.679	145.679	100	
	4939	145.667	145.667	100	
	4940	145.679	145.679	100	
	4941	145.674	145.674	100	
	4942	145.669	145.669	100	
	4943	145.659	145.659	100	
	4944	145.619	145.619	100	
	4945	145.601	145.601	100	
	4946	145.594	145.594	100	
	4947	145.571	145.571	100	
	4948	145.609	145.609	100	
	4949	145.694	145.694	100	
	4950	145.755	145.755	100	
	4951	145.762	145.762	100	
	4952	145.735	145.735	100	
	4953	145.689	145.689	100	
	4954	145.677	145.677	100	
	4955	145.654	145.654	100	
	4956	145.601	145.601	100	
	4957	145.574	145.574	100	
	4958	145.574	145.574	100	
	4959	145.644	145.644	100	
	4960	145.722	145.722	100	
	4961	145.757	145.757	100	
	4962	145.747	145.747	100	
	4963	145.697	145.697	100	
	4964	145.669	145.669	100	
	4965	145.662	145.662	100	
	4966	145.637	145.637	100	
	4967	145.594	145.594	100	
	4968	145.579	145.579	100	
	4969	145.606	145.606	100	
	4970	145.659	145.659	100	
	4971	145.745	145.745	100	
	4972	145.757	145.757	100	
	4973	145.712	145.712	100	
	4974	145.679	145.679	100	
	4975	145.657	145.657	100	
	4976	145.664	145.664	100	
	4977	145.614	145.614	100	
	4978	145.594	145.594	100	
	4979	145.586	145.586	100	
	4980	145.659	145.659	100	
	4981	145.745	145.745	100	
	4982	145.782	145.782	100	
	4983	145.755	145.755	100	
	4984	145.715	145.715	100	
	4985	145.674	145.674	100	
	4986	145.674	145.674	100	
	4987	145.659	145.659	100	
	4988	145.637	145.637	100	
	4989	145.675	145.675	100	
	4990	145.675	145.675	100	
	4991	145.695	145.695	100	
	4992	145.74	145.74	100	
	4993	145.777	145.777	100	
	4994	145.805	145.805	100	
	4995	145.767	145.767	100	
	4996	145.685	145.685	100	
	4997	145.627	145.627	100	
	4998	145.629	145.629	100	
	4999	145.654	145.654	100	
	5000	145.684	145.684	100	
	5001	145.679	145.679	100	
	5002	145.72	145.72	100	
	5003	145.77	145.77	100	
	5004	145.8	145.8	100	
	5005	145.785	145.785	100	
	5006	145.717	145.717	100	
	5007	145.652	145.652	100	
	5008	145.637	145.637	100	
	5009	145.664	145.664	100	
	5010	145.697	145.697	100	
	5011	145.687	145.687	100	
	5012	145.71	145.71	100	
	5013	145.767	145.767	100	
	5014	145.798	145.798	100	
	5015	145.798	145.798	100	
	5016	145.737	145.737	100	
	5017	145.657	145.657	100	
	5018	145.634	145.634	100	
	5019	145.657	145.657	100	
	5020	145.692	145.692	100	
	5021	145.692	145.692	100	
	5022	145.7	145.7	100	
	5023	145.755	145.755	100	
	5024	145.792	145.792	100	
	5025	145.808	145.808	100	
	5026	145.767	145.767	100	
	5027	145.679	145.679	100	
	5028	145.639	145.639	100	
	5029	145.634	145.634	100	
	5030	145.629	145.629	100	
	5031	145.627	145.627	100	
	5032	145.622	145.622	100	
	5033	145.617	145.617	100	
	5034	145.614	145.614	100	
	5035	145.614	145.614	100	
	5036	145.614	145.614	100	
	5037	145.614	145.614	100	
	5038	145.612	145.612	100	
	5039	145.609	145.609	100	
	5040	145.606	145.606	100	
	5041	145.604	145.604	100	
	5042	145.604	145.604	100	
	5043	145.604	145.604	100	
	5044	145.601	145.601	100	
	5045	145.601	145.601	100	
	5046	145.601	145.601	100	
	5047	145.601	145.601	100	
	5048	145.601	145.601	100	
	5049	145.601	145.601	100	
	5050	145.601	145.601	100	
	5051	145.601	145.601	100	
	5052	145.601	145.601	100	
	5053	145.601	145.601	100	
	5054	145.604	145.604	100	
	5055	145.604	145.604	100	
	5056	145.604	145.604	100	
	5057	145.604	145.604	100	
	5058	145.606	145.606	100	
	5059	145.609	145.609	100	
	5060	145.609	145.609	100	
	5061	145.611	145.611	100	
	5062	145.611	145.611	100	
	5063	145.611	145.611	100	
	5064	145.611	145.611	100	
	5065	145.611	145.611	100	
	5066	145.611	145.611	100	
	5067	145.611	145.611	100	
	5068	145.609	145.609	100	
	5069	145.609	145.609	100	
	5070	145.606	145.606	100	
	5071	145.604	145.604	100	
	5072	145.604	145.604	100	
	5073	145.601	145.601	100	
	5074	145.604	145.604	100	
	5075	145.604	145.604	100	
	5076	145.604	145.604	100	
	5077	145.604	145.604	100	
	5078	145.604	145.604	100	
	5079	145.604	145.604	100	
	5080	145.606	145.606	100	
	5081	145.604	145.604	100	
	5082	145.604	145.604	100	
	5083	145.604	145.604	100	
	5084	145.604	145.604	100	
	5085	145.604	145.604	100	
	5086	145.601	145.601	100	
	5087	145.601	145.601	100	
	5088	145.599	145.599	100	
	5089	145.599	145.599	100	
	5090	145.601	145.601	100	
	5091	145.601	145.601	100	
	5092	145.601	145.601	100	
	5093	145.601	145.601	100	
	5094	145.601	145.601	100	
	5095	145.601	145.601	100	
	5096	145.601	145.601	100	
	5097	145.599	145.599	100	
	5098	145.599	145.599	100	
	5099	145.599	145.599	100	
	5100	145.594	145.594	100	
	5101	145.453	145.453	100	
	5102	145.375	145.375	100	
	5103	145.292	145.292	100	
	5104	145.227	145.227	100	
	5105	145.147	145.147	100	
	5106	145.049	145.049	100	
	5107	144.968	144.968	100	
	5108	144.901	144.901	100	
	5109	144.815	144.815	100	
	5110	144.675	144.675	100	
	5111	144.511	144.511	100	
	5112	144.366	144.366	100	
	5113	144.252	144.252	100	
	5114	144.117	144.117	100	
	5115	143.981	143.981	100	
	5116	143.846	143.846	100	
	5117	143.798	143.798	100	
	5118	143.75	143.75	100	
	5119	143.63	143.63	100	
	5120	143.506	143.506	100	
	5121	143.391	143.391	100	
	5122	143.318	143.318	100	
	5123	143.238	143.238	100	
	5124	143.145	143.145	100	
	5125	143.044	143.044	100	
	5126	142.951	142.951	100	
	5127	142.868	142.868	100	
	5128	142.735	142.735	100	
	5129	142.579	142.579	100	
	5130	142.419	142.419	100	
	5131	142.276	142.276	100	
	5132	142.163	142.163	100	
	5133	142.067	142.067	100	
	5134	141.974	141.974	100	
	5135	141.879	141.879	100	
	5136	141.803	141.803	100	
	5137	141.761	141.761	100	
	5138	141.673	141.673	100	
	5139	141.567	141.567	100	
	5140	141.457	141.457	100	
	5141	141.354	141.354	100	
	5142	141.23	141.23	100	
	5143	141.105	141.105	100	
	5144	140.962	140.962	100	
	5145	140.844	140.844	100	
	5146	140.756	140.756	100	
	5147	140.653	140.653	100	
	5148	140.545	140.545	100	
	5149	140.407	140.407	100	
	5150	140.286	140.286	100	
	5151	140.185	140.185	100	
	5152	140.06	140.06	100	
	5153	139.972	139.972	100	
	5154	139.887	139.887	100	
	5155	139.834	139.834	100	
	5156	139.776	139.776	100	
	5157	139.706	139.706	100	
	5158	139.62	139.62	100	
	5159	139.507	139.507	100	
	5160	139.364	139.364	100	
	5161	139.196	139.196	100	
	5162	139.032	139.032	100	
	5163	138.904	138.904	100	
	5164	138.826	138.826	100	
	5165	138.904	138.904	100	
	5166	138.701	138.701	100	
	5167	138.59	138.59	100	
	5168	138.44	138.44	100	
	5169	138.259	138.259	100	
	5170	138.309	138.309	100	
	5171	138.208	138.208	100	
	5172	138.023	138.023	100	
	5173	137.937	137.937	100	
	5174	137.779	137.779	100	
	5175	137.781	137.781	100	
	5176	137.744	137.744	100	
	5177	137.457	137.457	100	
	5178	137.359	137.359	100	
	5179	137.344	137.344	100	
	5180	137.254	137.254	100	
	5181	137.211	137.211	100	
	5182	137.013	137.013	100	
	5183	136.794	136.794	100	
	5184	136.809	136.809	100	
	5185	136.681	136.681	100	
	5186	136.659	136.659	100	
	5187	136.669	136.669	100	
	5188	136.658	136.658	100	
	5189	136.648	136.648	100	
	5190	136.648	136.648	100	
	5191	136.679	136.679	100	
	5192	136.699	136.699	100	
	5193	136.681	136.681	100	
	5194	136.674	136.674	100	
	5195	136.651	136.651	100	
	5196	136.656	136.656	100	
	5197	136.659	136.659	100	
	5198	136.651	136.651	100	
	5199	136.659	136.659	100	
	5200	136.704	136.704	100	
	5201	136.696	136.696	100	
	5202	136.709	136.709	100	
	5203	136.721	136.721	100	
	5204	136.696	136.696	100	
	5205	136.686	136.686	100	
	5206	136.671	136.671	100	
	5207	136.659	136.659	100	
	5208	136.676	136.676	100	
	5209	136.716	136.716	100	
	5210	136.754	136.754	100	
	5211	136.709	136.709	100	
	5212	136.734	136.734	100	
	5213	136.719	136.719	100	
	5214	136.724	136.724	100	
	5215	136.701	136.701	100	
	5216	136.666	136.666	100	
	5217	136.671	136.671	100	
	5218	136.709	136.709	100	
	5219	136.724	136.724	100	
	5220	136.729	136.729	100	
	5221	136.736	136.736	100	
	5222	136.711	136.711	100	
	5223	136.704	136.704	100	
	5224	136.684	136.684	100	
	5225	136.669	136.669	100	
	5226	136.671	136.671	100	
	5227	136.714	136.714	100	
	5228	136.716	136.716	100	
	5229	136.742	136.742	100	
	5230	136.769	136.769	100	
	5231	136.764	136.764	100	
	5232	136.754	136.754	100	
	5233	136.711	136.711	100	
	5234	136.676	136.676	100	
	5235	136.691	136.691	100	
	5236	136.724	136.724	100	
	5237	136.724	136.724	100	
	5238	136.711	136.711	100	
	5239	136.729	136.729	100	
	5240	136.734	136.734	100	
	5241	136.742	136.742	100	
	5242	136.716	136.716	100	
	5243	136.684	136.684	100	
	5244	136.686	136.686	100	
	5245	136.704	136.704	100	
	5246	136.706	136.706	100	
	5247	136.709	136.709	100	
	5248	136.724	136.724	100	
	5249	136.726	136.726	100	
	5250	136.726	136.726	100	
	5251	136.716	136.716	100	
	5252	136.684	136.684	100	
	5253	136.674	136.674	100	
	5254	136.711	136.711	100	
	5255	136.767	136.767	100	
	5256	136.804	136.804	100	
	5257	136.804	136.804	100	
	5258	136.774	136.774	100	
	5259	136.729	136.729	100	
	5260	136.706	136.706	100	
	5261	136.691	136.691	100	
	5262	136.666	136.666	100	
	5263	136.686	136.686	100	
	5264	136.689	136.689	100	
	5265	136.699	136.699	100	
	5266	136.706	136.706	100	
	5267	136.716	136.716	100	
	5268	136.706	136.706	100	
	5269	136.704	136.704	100	
	5270	136.696	136.696	100	
	5271	136.664	136.664	100	
	5272	136.664	136.664	100	
	5273	136.674	136.674	100	
	5274	136.689	136.689	100	
	5275	136.699	136.699	100	
	5276	136.709	136.709	100	
	5277	136.706	136.706	100	
	5278	136.709	136.709	100	
	5279	136.709	136.709	100	
	5280	136.664	136.664	100	
	5281	136.659	136.659	100	
	5282	136.686	136.686	100	
	5283	136.714	136.714	100	
	5284	136.736	136.736	100	
	5285	136.779	136.779	100	
	5286	136.804	136.804	100	
	5287	136.814	136.814	100	
	5288	136.807	136.807	100	
	5289	136.802	136.802	100	
	5290	136.799	136.799	100	
	5291	136.792	136.792	100	
	5292	136.804	136.804	100	
	5293	136.799	136.799	100	
	5294	136.794	136.794	100	
	5295	136.794	136.794	100	
	5296	136.792	136.792	100	
	5297	136.782	136.782	100	
	5298	136.784	136.784	100	
	5299	136.779	136.779	100	
	5300	136.782	136.782	100	
	5301	136.777	136.777	100	
	5302	136.764	136.764	100	
	5303	136.764	136.764	100	
	5304	136.757	136.757	100	
	5305	136.757	136.757	100	
	5306	136.757	136.757	100	
	5307	136.754	136.754	100	
	5308	136.744	136.744	100	
	5309	136.737	136.737	100	
	5310	136.724	136.724	100	
	5311	136.691	136.691	100	
	5312	136.709	136.709	100	
	5313	136.717	136.717	100	
	5314	136.812	136.812	100	
	5315	136.845	136.845	100	
	5316	136.812	136.812	100	
	5317	136.779	136.779	100	
	5318	136.712	136.712	100	
	5319	136.684	136.684	100	
	5320	136.719	136.719	100	
	5321	136.747	136.747	100	
	5322	136.797	136.797	100	
	5323	136.84	136.84	100	
	5324	136.845	136.845	100	
	5325	136.84	136.84	100	
	5326	136.807	136.807	100	
	5327	136.827	136.827	100	
	5328	136.795	136.795	100	
	5329	136.774	136.774	100	
	5330	136.744	136.744	100	
	5331	136.727	136.727	100	
	5332	136.697	136.697	100	
	5333	136.681	136.681	100	
	5334	136.684	136.684	100	
	5335	136.676	136.676	100	
	5336	136.701	136.701	100	
	5337	136.729	136.729	100	
	5338	136.727	136.727	100	
	5339	136.712	136.712	100	
	5340	136.734	136.734	100	
	5341	136.749	136.749	100	
	5342	136.789	136.789	100	
	5343	136.812	136.812	100	
	5344	136.85	136.85	100	
	5345	136.87	136.87	100	
	5346	136.877	136.877	100	
	5347	136.882	136.882	100	
	5348	136.857	136.857	100	
	5349	136.837	136.837	100	
	5350	136.812	136.812	100	
	5351	136.789	136.789	100	
	5352	136.749	136.749	100	
	5353	136.716	136.716	100	
	5354	136.699	136.699	100	
	5355	136.677	136.677	100	
	5356	136.676	136.676	100	
	5357	136.666	136.666	100	
	5358	136.679	136.679	100	
	5359	136.694	136.694	100	
	5360	136.716	136.716	100	
	5361	136.729	136.729	100	
	5362	136.724	136.724	100	
	5363	136.724	136.724	100	
	5364	136.749	136.749	100	
	5365	136.777	136.777	100	
	5366	136.789	136.789	100	
	5367	136.714	136.714	100	
	5368	136.686	136.686	100	
	5369	136.717	136.717	100	
	5370	136.792	136.792	100	
	5371	136.807	136.807	100	
	5372	136.795	136.795	100	
	5373	136.717	136.717	100	
	5374	136.719	136.719	100	
	5375	136.712	136.712	100	
	5376	136.782	136.782	100	
	5377	136.799	136.799	100	
	5378	136.799	136.799	100	
	5379	136.772	136.772	100	
	5380	136.714	136.714	100	
	5381	136.692	136.692	100	
	5382	136.752	136.752	100	
	5383	136.797	136.797	100	
	5384	136.81	136.81	100	
	5385	136.764	136.764	100	
	5386	136.719	136.719	100	
	5387	136.679	136.679	100	
	5388	136.681	136.681	100	
	5389	136.774	136.774	100	
	5390	136.847	136.847	100	
	5391	136.829	136.829	100	
	5392	136.761	136.761	100	
	5393	136.706	136.706	100	
	5394	136.658	136.658	100	
	5395	136.721	136.721	100	
	5396	136.762	136.762	100	
	5397	136.807	136.807	100	
	5398	136.747	136.747	100	
	5399	136.729	136.729	100	
	5400	136.666	136.666	100	
	5401	136.704	136.704	100	
	5402	136.804	136.804	100	
	5403	136.857	136.857	100	
	5404	136.862	136.862	100	
	5405	136.865	136.865	100	
	5406	136.88	136.88	100	
	5407	136.88	136.88	100	
	5408	136.88	136.88	100	
	5409	136.88	136.88	100	
	5410	136.88	136.88	100	
	5411	136.88	136.88	100	
	5412	136.88	136.88	100	
	5413	136.88	136.88	100	
	5414	136.88	136.88	100	
	5415	136.88	136.88	100	
	5416	136.88	136.88	100	
	5417	136.88	136.88	100	
	5418	136.88	136.88	100	
	5419	136.88	136.88	100	
	5420	136.88	136.88	100	
	5421	136.88	136.88	100	
	5422	136.88	136.88	100	
	5423	136.88	136.88	100	
	5424	136.88	136.88	100	
	5425	136.88	136.88	100	
	5426	136.88	136.88	100	
	5427	136.88	136.88	100	
	5428	136.88	136.88	100	
	5429	136.88	136.88	100	
	5430	136.88	136.88	100	
	5431	136.88	136.88	100	
	5432	136.88	136.88	100	
	5433	136.88	136.88	100	
	5434	136.88	136.88	100	
	5435	136.88	136.88	100	

Transform	Anchor Point
	Frame	X pixels	Y pixels	Z pixels	
		0	0	0	

Transform	Position
	Frame	X pixels	Y pixels	Z pixels	
	280	727	634	0	
	281	726.996	634	0	
	282	726.996	634	0	
	283	726.996	634	0	
	284	726.996	634	0	
	285	726.992	634	0	
	286	726.996	634	0	
	287	726.992	634	0	
	288	726.992	634	0	
	289	726.992	634	0	
	290	726.992	634	0	
	291	726.988	634	0	
	292	726.988	634	0	
	293	726.988	634	0	
	294	726.992	634	0	
	295	726.992	634	0	
	296	726.992	634	0	
	297	726.996	634	0	
	298	726.996	634	0	
	299	727	633.996	0	
	300	727	633.984	0	
	301	727	633.98	0	
	302	727	633.969	0	
	303	727	633.953	0	
	304	727	633.953	0	
	305	727	633.945	0	
	306	727	633.949	0	
	307	727	633.945	0	
	308	727	633.93	0	
	309	727	633.926	0	
	310	727	633.926	0	
	311	727	633.93	0	
	312	727	633.93	0	
	313	727	633.93	0	
	314	727	633.926	0	
	315	727	633.918	0	
	316	727	633.918	0	
	317	727	633.914	0	
	318	727	633.91	0	
	319	727	633.91	0	
	320	727	633.906	0	
	321	727	633.902	0	
	322	727	633.902	0	
	323	727	633.902	0	
	324	727	633.898	0	
	325	727	633.895	0	
	326	727	633.895	0	
	327	727	633.891	0	
	328	727	633.895	0	
	329	727	633.895	0	
	330	727	633.891	0	
	331	727	633.887	0	
	332	727	633.883	0	
	333	727	633.883	0	
	334	727	633.879	0	
	335	727	633.879	0	
	336	727	633.871	0	
	337	727	633.867	0	
	338	727	633.867	0	
	339	727	633.863	0	
	340	727	633.863	0	
	341	727	633.863	0	
	342	727	633.863	0	
	343	727	633.863	0	
	344	727	633.863	0	
	345	727	633.863	0	
	346	727	633.867	0	
	347	727	633.867	0	
	348	727	633.863	0	
	349	727	633.863	0	
	350	727	633.867	0	
	351	727	633.871	0	
	352	727	633.871	0	
	353	727	633.871	0	
	354	727	633.875	0	
	355	727	633.871	0	
	356	727	633.875	0	
	357	727	633.875	0	
	358	727	633.875	0	
	359	727	633.875	0	
	360	727	633.879	0	
	361	727	633.875	0	
	362	727	633.875	0	
	363	727	633.879	0	
	364	727	633.879	0	
	365	727	633.883	0	
	366	727	633.879	0	
	367	727	633.875	0	
	368	727	633.871	0	
	369	727	633.875	0	
	370	727	633.879	0	
	371	727	633.875	0	
	372	727	633.875	0	
	373	727	633.879	0	
	374	727	633.875	0	
	375	727	633.879	0	
	376	727	633.875	0	
	377	727	633.879	0	
	378	727	633.875	0	
	379	727	633.879	0	
	380	727	633.875	0	
	381	727	633.879	0	
	382	727	633.879	0	
	383	727	633.879	0	
	384	727	633.883	0	
	385	727	633.883	0	
	386	727	633.883	0	
	387	727.004	633.883	0	
	388	727	633.887	0	
	389	727	633.887	0	
	390	727	633.887	0	
	391	727	633.887	0	
	392	727.004	633.887	0	
	393	727.004	633.887	0	
	394	727.004	633.887	0	
	395	727.004	633.887	0	
	396	727.004	633.887	0	
	397	727.004	633.887	0	
	398	727.004	633.887	0	
	399	727.004	633.891	0	
	400	727.008	633.891	0	
	401	727.008	633.891	0	
	402	727.004	633.891	0	
	403	727.004	633.891	0	
	404	727.008	633.891	0	
	405	727.008	633.891	0	
	406	727.008	633.891	0	
	407	727.008	633.891	0	
	408	727.008	633.891	0	
	409	727.008	633.895	0	
	410	727.008	633.895	0	
	411	727.008	633.895	0	
	412	727.008	633.895	0	
	413	727.008	633.895	0	
	414	727.008	633.895	0	
	415	727.008	633.895	0	
	4152	727.008	633.895	0	
	4153	727.008	633.906	0	
	4154	727.008	633.914	0	
	4155	727.008	633.918	0	
	4156	727.02	633.938	0	
	4157	727.074	633.953	0	
	4158	727.074	633.938	0	
	4159	727.008	633.938	0	
	4160	727.008	633.949	0	
	4161	727.012	633.953	0	
	4162	727.012	633.945	0	
	4163	727.008	633.945	0	
	4164	727.008	633.941	0	
	4165	727.008	633.938	0	
	4166	727.008	633.934	0	
	4167	727.008	633.945	0	
	4168	726.996	633.965	0	
	4169	726.977	633.977	0	
	4170	727.031	633.957	0	
	4171	727.082	633.949	0	
	4172	727.133	633.941	0	
	4173	727.148	633.949	0	
	4174	727.156	633.957	0	
	4175	727.164	633.949	0	
	4176	727.164	633.949	0	
	4177	727.172	633.957	0	
	4178	727.176	633.957	0	
	4179	727.176	633.832	0	
	4180	727.297	633.824	0	
	4181	727.645	633.82	0	
	4182	728.105	633.762	0	
	4183	728.289	633.746	0	
	4184	728.543	633.758	0	
	4185	729.09	633.711	0	
	4186	729.332	633.688	0	
	4187	729.508	633.707	0	
	4188	730.133	633.664	0	
	4189	730.383	633.617	0	
	4190	730.52	633.629	0	
	4191	731.164	633.57	0	
	4192	731.422	633.508	0	
	4193	731.531	633.438	0	
	4194	731.887	633.379	0	
	4195	732.379	633.324	0	
	4196	732.48	633.301	0	
	4197	732.75	633.27	0	
	4198	733.313	633.254	0	
	4199	733.438	633.25	0	
	4200	733.629	633.227	0	
	4201	734.223	633.223	0	
	4202	734.41	633.223	0	
	4203	734.539	633.203	0	
	4204	735.141	633.184	0	
	4205	735.387	633.168	0	
	4206	735.496	633.137	0	
	4207	735.828	633.113	0	
	4208	736.355	633.09	0	
	4209	736.457	633.063	0	
	4210	736.711	633.031	0	
	4211	737.309	633.02	0	
	4212	737.441	633.008	0	
	4213	737.621	632.977	0	
	4214	738.258	632.973	0	
	4215	738.422	632.977	0	
	4216	738.539	632.945	0	
	4217	739.199	632.941	0	
	4218	739.406	632.945	0	
	4219	739.508	632.93	0	
	4220	739.813	632.957	0	
	4221	740.41	632.996	0	
	4222	740.496	633.027	0	
	4223	740.727	633.066	0	
	4224	741.348	633.074	0	
	4225	741.461	633.082	0	
	4226	741.602	633.094	0	
	4227	742.223	633.086	0	
	4228	742.391	633.07	0	
	4229	742.473	633.07	0	
	4230	742.816	633.078	0	
	4231	743.316	633.051	0	
	4232	743.41	633.043	0	
	4233	743.703	633.043	0	
	4234	744.25	633.023	0	
	4235	744.379	633.016	0	
	4236	744.586	633.004	0	
	4237	745.184	632.781	0	
	4238	745.355	632.77	0	
	4239	745.469	632.809	0	
	4240	745.863	632.789	0	
	4241	746.32	632.738	0	
	4242	746.414	632.777	0	
	4243	746.785	632.773	0	
	4244	747.305	632.707	0	
	4245	747.414	632.723	0	
	4246	747.73	632.723	0	
	4247	748.293	632.656	0	
	4248	748.43	632.645	0	
	4249	748.652	632.652	0	
	4250	749.262	632.586	0	
	4251	749.426	632.547	0	
	4252	749.59	632.566	0	
	4253	750.246	632.512	0	
	4254	750.43	632.465	0	
	4255	750.551	632.473	0	
	4256	751.215	632.438	0	
	4257	751.434	632.395	0	
	4258	751.543	632.391	0	
	4259	751.84	632.371	0	
	4260	752.43	632.352	0	
	4261	752.508	632.34	0	
	4262	752.746	632.328	0	
	4263	753.395	632.309	0	
	4264	753.496	632.301	0	
	4265	753.652	632.289	0	
	4266	754.324	632.273	0	
	4267	754.465	632.258	0	
	4268	754.57	632.258	0	
	4269	755.242	632.242	0	
	4270	755.438	632.234	0	
	4271	755.508	632.223	0	
	4272	755.813	632.195	0	
	4273	756.391	632.176	0	
	4274	756.469	632.164	0	
	4275	756.707	632.141	0	
	4276	757.332	632.113	0	
	4277	757.441	632.102	0	
	4278	757.609	632.086	0	
	4279	758.27	632.055	0	
	4280	758.418	631.734	0	
	4281	758.531	631.762	0	
	4282	759.207	631.742	0	
	4283	759.406	631.684	0	
	4284	759.543	632.281	0	
	4285	760.289	632.391	0	
	4286	760.453	632.523	0	
	4287	760.742	633.102	0	
	4288	761.402	633.336	0	
	4289	761.52	633.422	0	
	4290	762.262	633.598	0	
	4291	762.426	634.215	0	
	4292	762.66	634.391	0	
	4293	763.375	634.449	0	
	4294	763.48	634.676	0	
	4295	764.164	635.309	0	
	4296	764.406	635.41	0	
	4297	764.594	635.535	0	
	4298	765.305	636.176	0	
	4299	765.41	636.395	0	
	4300	765.719	636.48	0	
	4301	766.359	636.574	0	
	4302	766.426	637.301	0	
	4303	767.164	637.41	0	
	4304	767.355	637.473	0	
	4305	767.602	638.234	0	
	4306	768.289	638.352	0	
	4307	768.398	638.449	0	
	4308	769.184	638.492	0	
	4309	769.355	639.238	0	
	4310	769.609	639.395	0	
	4311	770.375	639.434	0	
	4312	770.492	639.535	0	
	4313	771.242	640.258	0	
	4314	771.438	640.375	0	
	4315	771.633	640.449	0	
	4316	772.387	640.563	0	
	4317	772.484	641.348	0	
	4318	773.238	641.398	0	
	4319	773.43	641.441	0	
	4320	773.57	642.25	0	
	4321	774.367	642.348	0	
	4322	774.461	642.43	0	
	4323	774.785	642.496	0	
	4324	775.41	643.316	0	
	4325	775.531	643.395	0	
	4326	776.336	643.445	0	
	4327	776.441	643.547	0	
	4328	776.73	644.359	0	
	4329	777.406	644.395	0	
	4330	777.512	644.465	0	
	4331	778.289	645.285	0	
	4332	778.438	645.375	0	
	4333	778.68	645.449	0	
	4334	779.391	645.457	0	
	4335	779.508	646.391	0	
	4336	780.258	646.395	0	
	4337	780.434	646.449	0	
	4338	780.652	646.535	0	
	4339	781.398	647.395	0	
	4340	781.492	647.395	0	
	4341	782.258	647.469	0	
	4342	782.438	648.395	0	
	4343	782.621	648.414	0	
	4344	783.398	648.438	0	
	4345	783.488	649.449	0	
	4346	784.234	649.453	0	
	4347	784.43	649.395	0	
	4348	784.574	649.461	0	
	4349	785.387	650.488	0	
	4350	785.465	650.484	0	
	4351	785.762	650.445	0	
	4352	786.418	650.449	0	
	4353	787.434	651.535	0	
	4354	788.438	651.535	0	
	4355	789.441	651.465	0	
	4356	790.449	651.461	0	
	4357	791.457	651.457	0	
	4358	792.473	652.598	0	
	4359	793.477	652.563	0	
	4360	794.492	652.48	0	
	4361	795.504	652.473	0	
	4362	796.531	653.445	0	
	4363	797.563	653.652	0	
	4364	798.59	653.578	0	
	4365	799.621	653.492	0	
	4366	800.629	653.5	0	
	4367	801.594	654.52	0	
	4368	802.582	654.762	0	
	4369	803.586	654.641	0	
	4370	804.645	654.555	0	
	4371	805.707	654.523	0	
	4372	806.734	655.531	0	
	4373	807.777	655.766	0	
	4374	808.813	655.664	0	
	4375	810.176	655.566	0	
	4376	811.207	655.516	0	
	4377	812.223	656.559	0	
	4378	813.246	656.785	0	
	4379	814.266	656.707	0	
	4380	815.293	656.625	0	
	4381	816.313	657.379	0	
	4382	817.32	657.609	0	
	4383	818.324	657.813	0	
	4384	819.328	657.723	0	
	4385	820.332	658.18	0	
	4386	821.34	658.418	0	
	4387	822.359	658.68	0	
	4388	823.371	658.855	0	
	4389	824.395	658.738	0	
	4390	825.434	659.211	0	
	4391	826.461	659.469	0	
	4392	827.48	659.746	0	
	4393	828.516	659.883	0	
	4394	829.566	659.754	0	
	4395	830.613	660.262	0	
	4396	831.66	660.512	0	
	4397	832.695	660.793	0	
	4398	833.73	660.895	0	
	4399	834.762	661.016	0	
	4400	835.793	661.309	0	
	4401	836.816	661.547	0	
	4402	838.18	661.82	0	
	4403	839.207	661.895	0	
	4404	840.23	662.074	0	
	4405	841.262	662.352	0	
	4406	842.285	662.57	0	
	4407	843.316	662.848	0	
	4408	844.336	662.895	0	
	4409	845.348	663.137	0	
	4410	846.355	663.395	0	
	4411	847.359	663.629	0	
	4412	848.367	663.887	0	
	4413	849.383	663.898	0	
	4414	850.398	664.191	0	
	4415	851.426	664.445	0	
	4416	852.449	664.699	0	
	4417	853.469	664.895	0	
	4418	854.492	664.91	0	
	4419	855.531	665.238	0	
	4420	856.559	665.484	0	
	4421	857.594	665.754	0	
	4422	858.637	665.895	0	
	4423	859.684	665.953	0	
	4424	860.734	666.281	0	
	4425	861.758	666.527	0	
	4426	862.785	666.797	0	
	4427	863.813	666.895	0	
	4428	865.16	667.023	0	
	4429	866.207	667.359	0	
	4430	867.273	667.566	0	
	4431	868.352	667.82	0	
	4432	869.391	667.895	0	
	4433	870.402	668.078	0	
	4434	871.414	668.363	0	
	4435	872.5	668.148	0	
	4436	873.688	667.895	0	
	4437	875.363	667.891	0	
	4438	876.449	667.734	0	
	4439	877.539	667.543	0	
	4440	878.781	667.34	0	
	4441	880.398	667.074	0	
	4442	881.461	666.895	0	
	4443	882.563	666.895	0	
	4444	884.211	666.672	0	
	4445	885.406	666.473	0	
	4446	886.473	666.297	0	
	4447	887.613	666.027	0	
	4448	889.242	665.895	0	
	4449	890.426	665.852	0	
	4450	891.5	665.664	0	
	4451	892.688	665.465	0	
	4452	894.289	665.258	0	
	4453	895.438	664.996	0	
	4454	896.516	664.895	0	
	4455	897.742	664.836	0	
	4456	899.328	664.582	0	
	4457	900.449	664.395	0	
	4458	901.543	664.227	0	
	4459	902.805	663.813	0	
	4460	904.379	663.895	0	
	4461	905.461	663.809	0	
	4462	906.598	663.578	0	
	4463	908.203	663.367	0	
	4464	909.398	663.172	0	
	4465	910.473	662.781	0	
	4466	911.648	662.895	0	
	4467	913.254	662.746	0	
	4468	914.426	662.527	0	
	4469	915.496	662.355	0	
	4470	916.711	662.148	0	
	4471	918.266	661.77	0	
	4472	919.41	661.895	0	
	4473	920.492	661.77	0	
	4474	921.746	661.535	0	
	4475	923.285	660.543	0	
	4476	924.414	660.625	0	
	4477	925.535	660.77	0	
	4478	926.801	660.883	0	
	4479	928.34	660.684	0	
	4480	929.434	660.492	0	
	4481	930.598	659.57	0	
	4482	932.188	659.629	0	
	4483	933.387	659.719	0	
	4484	934.465	659.852	0	
	4485	935.676	659.664	0	
	4486	937.227	659.441	0	
	4487	938.402	658.535	0	
	4488	939.453	658.605	0	
	4489	940.715	658.711	0	
	4490	942.289	658.797	0	
	4491	943.41	658.59	0	
	4492	944.508	658.422	0	
	4493	945.813	657.527	0	
	4494	947.328	657.559	0	
	4495	948.426	657.672	0	
	4496	949.563	657.77	0	
	4497	951.16	657.551	0	
	4498	952.359	656.465	0	
	4499	953.539	656.531	0	
	4500	955.266	656.633	0	
	4501	956.465	656.625	0	
	4502	958.172	655.488	0	
	4503	959.418	655.52	0	
	4504	960.723	655.66	0	
	4505	962.387	655.563	0	
	4506	963.574	654.5	0	
	4507	965.289	654.527	0	
	4508	966.48	654.66	0	
	4509	968.195	654.531	0	
	4510	969.445	653.473	0	
	4511	970.793	653.52	0	
	4512	972.426	653.613	0	
	4513	973.645	653.492	0	
	4514	975.355	652.473	0	
	4515	976.523	652.512	0	
	4516	978.254	652.59	0	
	4517	979.477	652.449	0	
	4518	980.84	651.5	0	
	4519	982.445	651.496	0	
	4520	983.695	651.578	0	
	4521	985.402	650.453	0	
	4522	986.582	650.477	0	
	4523	988.344	650.496	0	
	4524	989.512	650.539	0	
	4525	991.246	649.461	0	
	4526	992.461	649.434	0	
	4527	993.734	649.441	0	
	4528	995.418	648.516	0	
	4529	996.578	648.469	0	
	4530	998.371	648.395	0	
	4531	999.492	648.395	0	
	4532	1001.22	648.434	0	
	4533	1002.44	647.449	0	
	4534	1003.7	647.457	0	
	4535	1005.4	647.465	0	
	4536	1006.58	647.441	0	
	4537	1008.35	646.441	0	
	4538	1009.48	646.395	0	
	4539	1011.23	646.43	0	
	4540	1012.42	645.484	0	
	4541	1013.69	645.461	0	
	4542	1015.41	645.391	0	
	4543	1016.56	645.422	0	
	4544	1018.38	644.473	0	
	4545	1019.5	644.453	0	
	4546	1021.35	644.395	0	
	4547	1022.46	644.395	0	
	4548	1024.23	643.488	0	
	4549	1025.43	643.438	0	
	4550	1026.63	643.387	0	
	4551	1028.41	643.305	0	
	4552	1029.51	642.461	0	
	4553	1031.35	642.414	0	
	4554	1032.45	642.395	0	
	4555	1033.78	642.297	0	
	4556	1035.43	641.445	0	
	4557	1036.64	641.426	0	
	4558	1038.41	641.375	0	
	4559	1039.55	641.297	0	
	4560	1041.35	640.457	0	
	4561	1042.49	640.395	0	
	4562	1044.21	640.355	0	
	4563	1045.45	639.582	0	
	4564	1046.71	639.465	0	
	4565	1048.41	639.395	0	
	4566	1049.56	639.375	0	
	4567	1051.28	638.609	0	
	4568	1052.47	638.457	0	
	4569	1053.87	638.418	0	
	4570	1055.43	638.344	0	
	4571	1056.7	637.621	0	
	4572	1058.32	637.469	0	
	4573	1059.4	637.441	0	
	4574	1060.81	637.359	0	
	4575	1062.28	636.617	0	
	4576	1063.66	636.496	0	
	4577	1065.24	636.391	0	
	4578	1066.53	636.289	0	
	4579	1068.21	635.551	0	
	4580	1069.25	635.566	0	
	4581	1070.26	635.594	0	
	4582	1071.27	635.621	0	
	4583	1072.28	636.219	0	
	4584	1073.3	636.238	0	
	4585	1074.33	636.262	0	
	4586	1075.37	636.277	0	
	4587	1076.41	636.301	0	
	4588	1077.45	636.328	0	
	4589	1078.52	636.355	0	
	4590	1079.61	636.379	0	
	4591	1080.68	636.395	0	
	4592	1081.74	636.414	0	
	4593	1082.78	636.41	0	
	4594	1083.82	636.395	0	
	4595	1085.14	636.379	0	
	4596	1086.18	636.383	0	
	4597	1087.22	636.387	0	
	4598	1088.25	636.391	0	
	4599	1089.26	636.402	0	
	4600	1090.3	636.422	0	
	4601	1091.36	636.438	0	
	4602	1092.45	636.441	0	
	4603	1093.5	636.438	0	
	4604	1094.55	636.438	0	
	4605	1095.59	636.449	0	
	4606	1096.64	636.461	0	
	4607	1097.71	636.469	0	
	4608	1098.78	636.473	0	
	4609	1100.18	636.484	0	
	4610	1101.24	636.504	0	
	4611	1102.29	636.516	0	
	4612	1103.34	636.531	0	
	4613	1104.38	636.547	0	
	4614	1105.39	636.57	0	
	4615	1106.41	636.59	0	
	4616	1107.41	636.617	0	
	4617	1108.43	636.648	0	
	4618	1109.44	636.68	0	
	4619	1110.46	637.141	0	
	4620	1111.49	637.168	0	
	4621	1112.52	637.195	0	
	4622	1113.55	637.207	0	
	4623	1114.61	637.23	0	
	4624	1115.68	637.254	0	
	4625	1116.75	637.266	0	
	4626	1118.24	637.293	0	
	4627	1119.3	637.309	0	
	4628	1120.34	637.332	0	
	4629	1121.38	637.336	0	
	4630	1122.39	637.348	0	
	4631	1123.41	637.359	0	
	4632	1124.43	637.371	0	
	4633	1125.45	637.379	0	
	4634	1126.46	637.391	0	
	4635	1127.48	637.395	0	
	4636	1128.5	637.395	0	
	4637	1129.51	637.426	0	
	4638	1130.53	637.434	0	
	4639	1131.57	637.441	0	
	4640	1132.61	637.449	0	
	4641	1133.65	637.461	0	
	4642	1134.71	637.469	0	
	4643	1135.77	637.477	0	
	4644	1136.83	637.496	0	
	4645	1137.84	637.527	0	
	4646	1138.87	637.531	0	
	4647	1139.89	637.543	0	
	4648	1140.94	637.566	0	
	4649	1142	637.59	0	
	4650	1143.05	637.629	0	
	4651	1142.79	637.625	0	
	4652	1142.23	637.621	0	
	4653	1141.95	637.617	0	
	4654	1141.63	637.609	0	
	4655	1141.14	637.609	0	
	4656	1140.87	637.621	0	
	4657	1140.47	637.613	0	
	4658	1140.09	637.613	0	
	4659	1139.84	637.617	0	
	4660	1139.33	637.609	0	
	4661	1139.02	637.605	0	
	4662	1138.78	637.598	0	
	4663	1138.21	637.59	0	
	4664	1137.94	637.598	0	
	4665	1137.63	637.59	0	
	4666	1137.13	637.586	0	
	4667	1136.86	637.602	0	
	4668	1136.45	637.586	0	
	4669	1136.07	637.586	0	
	4670	1135.84	637.594	0	
	4671	1135.3	637.578	0	
	4672	1135	637.586	0	
	4673	1134.76	637.582	0	
	4674	1134.19	637.574	0	
	4675	1133.93	637.59	0	
	4676	1133.61	637.578	0	
	4677	1133.12	637.574	0	
	4678	1132.86	637.594	0	
	4679	1132.45	637.574	0	
	4680	1132.06	637.578	0	
	4681	1131.84	637.59	0	
	4682	1131.3	637.57	0	
	4683	1131.01	637.578	0	
	4684	1130.76	637.574	0	
	4685	1130.18	637.566	0	
	4686	1129.93	637.582	0	
	4687	1129.62	637.57	0	
	4688	1129.11	637.57	0	
	4689	1128.85	637.59	0	
	4690	1128.44	637.57	0	
	4691	1128.06	637.578	0	
	4692	1127.84	637.586	0	
	4693	1127.3	637.578	0	
	4694	1127	637.59	0	
	4695	1126.77	637.59	0	
	4696	1126.2	637.582	0	
	4697	1125.93	637.594	0	
	4698	1125.62	637.578	0	
	4699	1125.12	637.578	0	
	4700	1124.86	637.594	0	
	4701	1124.48	637.582	0	
	4702	1124.08	637.586	0	
	4703	1123.84	637.594	0	
	4704	1123.33	637.582	0	
	4705	1123.03	637.586	0	
	4706	1122.78	637.578	0	
	4707	1122.22	637.578	0	
	4708	1121.95	637.582	0	
	4709	1121.63	637.574	0	
	4710	1121.14	637.578	0	
	4711	1120.88	637.59	0	
	4712	1120.47	637.582	0	
	4713	1120.1	637.59	0	
	4714	1119.84	637.598	0	
	4715	1119.34	637.59	0	
	4716	1119.05	637.598	0	
	4717	1118.79	637.598	0	
	4718	1118.25	637.602	0	
	4719	1117.99	637.605	0	
	4720	1117.67	637.602	0	
	4721	1117.17	637.609	0	
	4722	1116.91	637.613	0	
	4723	1116.5	637.609	0	
	4724	1116.11	637.613	0	
	4725	1115.84	637.625	0	
	4726	1115.36	637.629	0	
	4727	1115.05	637.625	0	
	4728	1114.95	637.613	0	
	4729	1114.84	637.617	0	
	4730	1114.74	637.602	0	
	4731	1114.5	637.566	0	
	4732	1114.29	637.543	0	
	4733	1114.16	637.527	0	
	4734	1114.09	637.527	0	
	4735	1113.99	637.527	0	
	4736	1113.89	637.527	0	
	4737	1113.79	637.523	0	
	4738	1113.59	637.516	0	
	4739	1113.37	637.508	0	
	4740	1113.21	637.488	0	
	4741	1113.12	637.461	0	
	4742	1113.04	637.449	0	
	4743	1112.93	637.449	0	
	4744	1112.84	637.445	0	
	4745	1112.7	637.449	0	
	4746	1112.47	637.453	0	
	4747	1112.29	637.449	0	
	4748	1112.17	637.434	0	
	4749	1112.09	637.414	0	
	4750	1111.98	637.418	0	
	4751	1111.87	637.418	0	
	4752	1111.79	637.414	0	
	4753	1111.59	637.418	0	
	4754	1111.34	637.422	0	
	4755	1111.21	637.406	0	
	4756	1111.12	637.391	0	
	4757	1111.03	637.379	0	
	4758	1110.92	637.383	0	
	4759	1110.84	637.379	0	
	4760	1110.72	637.383	0	
	4761	1110.48	637.387	0	
	4762	1110.29	637.379	0	
	4763	1110.17	637.363	0	
	4764	1110.1	637.344	0	
	4765	1109.98	637.34	0	
	4766	1109.86	637.336	0	
	4767	1109.82	637.32	0	
	4768	1109.63	637.316	0	
	4769	1109.39	637.309	0	
	4770	1109.23	637.289	0	
	4771	1109.12	637.254	0	
	4772	1109.04	637.234	0	
	4773	1108.91	637.219	0	
	4774	1108.84	637.203	0	
	4775	1108.75	637.188	0	
	4776	1108.51	637.18	0	
	4777	1108.3	637.164	0	
	4778	1108.17	637.129	0	
	4779	1108.09	637.09	0	
	4780	1107.97	637.074	0	
	4781	1107.85	637.047	0	
	4782	1107.84	637.016	0	
	4783	1107.64	637.004	0	
	4784	1107.39	636.988	0	
	4785	1107.24	636.965	0	
	4786	1107.14	636.934	0	
	4787	1107.05	636.902	0	
	4788	1106.93	636.887	0	
	4789	1106.84	636.863	0	
	4790	1106.82	636.852	0	
	4791	1106.64	636.84	0	
	4792	1106.48	636.848	0	
	4793	1106.35	636.84	0	
	4794	1106.25	636.82	0	
	4795	1106.18	636.797	0	
	4796	1106.05	636.781	0	
	4797	1105.89	636.766	0	
	4798	1105.74	636.738	0	
	4799	1105.5	636.723	0	
	4800	1105.31	636.695	0	
	4801	1105.18	636.664	0	
	4802	1105.08	636.641	0	
	4803	1105.43	636.594	0	
	4804	1105.91	636.547	0	
	4805	1106.19	636.527	0	
	4806	1106.78	636.48	0	
	4807	1107.08	636.438	0	
	4808	1107.52	636.445	0	
	4809	1107.96	636.426	0	
	4810	1108.28	636.426	0	
	4811	1108.84	636.41	0	
	4812	1109.13	636.395	0	
	4813	1109.71	636.375	0	
	4814	1110.04	636.336	0	
	4815	1110.42	636.332	0	
	4816	1110.88	636.277	0	
	4817	1111.21	636.238	0	
	4818	1111.84	636.16	0	
	4819	1112.08	636.094	0	
	4820	1112.59	636.02	0	
	4821	1112.95	635.926	0	
	4822	1113.3	635.848	0	
	4823	1113.84	635.762	0	
	4824	1114.13	635.688	0	
	4825	1114.72	635.637	0	
	4826	1115.02	635.586	0	
	4827	1115.41	635.539	0	
	4828	1115.88	635.527	0	
	4829	1116.19	635.523	0	
	4830	1116.8	635.473	0	
	4831	1117.07	635.438	0	
	4832	1117.56	635.441	0	
	4833	1117.96	635.418	0	
	4834	1118.3	635.418	0	
	4835	1118.84	635.391	0	
	4836	1119.14	635.367	0	
	4837	1119.09	635.336	0	
	4838	1119.04	635.305	0	
	4839	1118.96	635.277	0	
	4840	1118.87	635.238	0	
	4841	1118.84	635.18	0	
	4842	1118.84	635.113	0	
	4843	1118.75	635.051	0	
	4844	1118.6	634.977	0	
	4845	1118.43	634.895	0	
	4846	1118.3	634.813	0	
	4847	1118.2	634.73	0	
	4848	1118.12	634.664	0	
	4849	1118.07	634.617	0	
	4850	1118.02	634.574	0	
	4851	1117.95	634.547	0	
	4852	1117.88	634.527	0	
	4853	1117.84	634.5	0	
	4854	1117.78	634.469	0	
	4855	1117.67	634.445	0	
	4856	1117.53	634.434	0	
	4857	1117.38	634.422	0	
	4858	1117.27	634.406	0	
	4859	1117.18	634.383	0	
	4860	1117.11	634.359	0	
	4861	1117.06	634.328	0	
	4862	1117.01	634.297	0	
	4863	1116.93	634.27	0	
	4864	1116.85	634.234	0	
	4865	1116.84	634.176	0	
	4866	1116.81	634.105	0	
	4867	1116.7	634.027	0	
	4868	1116.54	633.961	0	
	4869	1116.37	633.879	0	
	4870	1116.26	633.785	0	
	4871	1116.17	633.703	0	
	4872	1116.09	633.645	0	
	4873	1116.04	633.594	0	
	4874	1115.98	633.559	0	
	4875	1115.54	633.531	0	
	4876	1115.01	633.531	0	
	4877	1114.62	633.527	0	
	4878	1114.04	633.527	0	
	4879	1113.69	633.527	0	
	4880	1113.05	633.512	0	
	4881	1112.75	633.508	0	
	4882	1112.09	633.488	0	
	4883	1111.79	633.48	0	
	4884	1111.11	633.469	0	
	4885	1110.82	633.457	0	
	4886	1110.14	633.445	0	
	4887	1109.84	633.426	0	
	4888	1109.18	633.426	0	
	4889	1108.84	633.414	0	
	4890	1108.23	633.414	0	
	4891	1107.88	633.398	0	
	4892	1107.3	633.402	0	
	4893	1106.91	633.387	0	
	4894	1106.38	633.391	0	
	4895	1105.95	633.371	0	
	4896	1105.45	633.379	0	
	4897	1104.98	633.355	0	
	4898	1104.55	633.367	0	
	4899	1104.02	633.344	0	
	4900	1103.64	633.352	0	
	4901	1103.04	633.324	0	
	4902	1102.7	633.328	0	
	4903	1102.06	633.309	0	
	4904	1101.78	633.309	0	
	4905	1101.09	633.297	0	
	4906	1100.84	633.285	0	
	4907	1100.13	633.273	0	
	4908	1099.84	633.266	0	
	4909	1099.17	633.258	0	
	4910	1100.1	633.277	0	
	4911	1101.04	633.301	0	
	4912	1101.98	633.324	0	
	4913	1102.91	633.344	0	
	4914	1103.85	633.363	0	
	4915	1104.84	633.383	0	
	4916	1105.74	633.402	0	
	4917	1106.59	633.426	0	
	4918	1107.43	633.465	0	
	4919	1108.28	633.496	0	
	4920	1109.18	633.527	0	
	4921	1110.1	633.527	0	
	4922	1111.04	633.551	0	
	4923	1111.99	633.602	0	
	4924	1112.92	633.656	0	
	4925	1113.84	633.723	0	
	4926	1114.84	633.801	0	
	4927	1115.81	633.879	0	
	4928	1116.68	633.965	0	
	4929	1117.5	634.027	0	
	4930	1118.34	634.145	0	
	4931	1119.23	634.199	0	
	4932	1120.14	634.246	0	
	4933	1121.08	634.277	0	
	4934	1122.03	634.301	0	
	4935	1122.96	634.336	0	
	4936	1123.89	634.363	0	
	4937	1124.84	634.387	0	
	4938	1125.82	634.406	0	
	4939	1126.71	634.426	0	
	4940	1127.56	634.445	0	
	4941	1128.41	634.465	0	
	4942	1129.28	634.496	0	
	4943	1130.19	634.527	0	
	4944	1131.12	634.527	0	
	4945	1132.08	634.547	0	
	4946	1133.03	634.59	0	
	4947	1132.27	634.711	0	
	4948	1131.78	634.875	0	
	4949	1130.97	635.063	0	
	4950	1130.2	635.227	0	
	4951	1129.63	635.324	0	
	4952	1128.91	635.371	0	
	4953	1128.14	635.41	0	
	4954	1127.47	635.449	0	
	4955	1126.85	635.496	0	
	4956	1126.08	635.543	0	
	4957	1125.37	635.641	0	
	4958	1124.84	635.773	0	
	4959	1124.04	635.957	0	
	4960	1123.29	636.152	0	
	4961	1122.78	636.266	0	
	4962	1121.98	636.332	0	
	4963	1121.2	636.398	0	
	4964	1120.65	636.43	0	
	4965	1119.92	636.453	0	
	4966	1119.13	636.527	0	
	4967	1118.54	636.578	0	
	4968	1117.85	636.707	0	
	4969	1117.1	636.863	0	
	4970	1116.43	637.027	0	
	4971	1115.84	637.207	0	
	4972	1115.06	637.297	0	
	4973	1114.3	637.379	0	
	4974	1113.79	637.406	0	
	4975	1113	637.426	0	
	4976	1112.21	637.508	0	
	4977	1111.7	637.543	0	
	4978	1110.93	637.656	0	
	4979	1110.16	637.801	0	
	4980	1109.61	637.996	0	
	4981	1108.86	638.168	0	
	4982	1108.12	638.293	0	
	4983	1107.45	638.375	0	
	4984	1106.84	638.402	0	
	4985	1106.11	638.43	0	
	4986	1105.39	638.488	0	
	4987	1104.89	638.574	0	
	4988	1104.19	638.672	0	
	4989	1104.99	638.594	0	
	4990	1105.55	638.48	0	
	4991	1106.29	638.445	0	
	4992	1107.1	638.434	0	
	4993	1107.74	638.387	0	
	4994	1108.38	638.328	0	
	4995	1109.19	638.191	0	
	4996	1109.91	638.016	0	
	4997	1110.51	637.828	0	
	4998	1111.25	637.676	0	
	4999	1112.05	637.563	0	
	5000	1112.64	637.504	0	
	5001	1113.31	637.457	0	
	5002	1114.13	637.438	0	
	5003	1114.82	637.402	0	
	5004	1115.42	637.363	0	
	5005	1116.19	637.234	0	
	5006	1116.93	637.082	0	
	5007	1117.57	636.902	0	
	5008	1118.25	636.734	0	
	5009	1119.05	636.605	0	
	5010	1119.72	636.547	0	
	5011	1120.32	636.473	0	
	5012	1121.14	636.441	0	
	5013	1121.88	636.418	0	
	5014	1122.47	636.383	0	
	5015	1123.22	636.27	0	
	5016	1123.98	636.125	0	
	5017	1124.69	635.938	0	
	5018	1125.3	635.77	0	
	5019	1126.11	635.629	0	
	5020	1126.82	635.566	0	
	5021	1127.41	635.484	0	
	5022	1128.2	635.445	0	
	5023	1128.97	635.434	0	
	5024	1129.58	635.395	0	
	5025	1130.26	635.309	0	
	5026	1131.04	635.18	0	
	5027	1131.78	634.992	0	
	5028	1132.32	634.816	0	
	5029	1133.09	634.641	0	
	5030	1133.06	634.633	0	
	5031	1133.07	634.629	0	
	5032	1133.06	634.621	0	
	5033	1133.06	634.617	0	
	5034	1133.07	634.613	0	
	5035	1133.07	634.613	0	
	5036	1133.06	634.613	0	
	5037	1133.06	634.613	0	
	5038	1133.05	634.609	0	
	5039	1133.05	634.605	0	
	5040	1133.04	634.602	0	
	5041	1133.04	634.598	0	
	5042	1133.04	634.598	0	
	5043	1133.04	634.598	0	
	5044	1133.04	634.594	0	
	5045	1133.04	634.594	0	
	5046	1133.04	634.594	0	
	5047	1133.04	634.594	0	
	5048	1133.04	634.594	0	
	5049	1133.04	634.594	0	
	5050	1133.03	634.594	0	
	5051	1133.04	634.594	0	
	5052	1133.03	634.594	0	
	5053	1133.03	634.59	0	
	5054	1133.03	634.594	0	
	5055	1133.03	634.594	0	
	5056	1133.03	634.594	0	
	5057	1133.03	634.594	0	
	5058	1133.03	634.598	0	
	5059	1133.03	634.602	0	
	5060	1133.03	634.602	0	
	5061	1133.04	634.605	0	
	5062	1133.03	634.605	0	
	5063	1133.03	634.605	0	
	5064	1133.03	634.605	0	
	5065	1133.03	634.605	0	
	5066	1133.03	634.605	0	
	5067	1133.03	634.605	0	
	5068	1133.03	634.602	0	
	5069	1133.03	634.602	0	
	5070	1133.03	634.598	0	
	5071	1133.03	634.594	0	
	5072	1133.03	634.594	0	
	5073	1133.03	634.59	0	
	5074	1133.03	634.594	0	
	5075	1133.03	634.594	0	
	5076	1133.03	634.594	0	
	5077	1133.03	634.594	0	
	5078	1133.03	634.594	0	
	5079	1133.03	634.594	0	
	5080	1133.03	634.598	0	
	5081	1133.03	634.594	0	
	5082	1133.03	634.594	0	
	5083	1133.03	634.594	0	
	5084	1133.03	634.594	0	
	5085	1133.03	634.594	0	
	5086	1133.03	634.59	0	
	5087	1133.03	634.59	0	
	5088	1133.02	634.59	0	
	5089	1133.02	634.59	0	
	5090	1133.02	634.59	0	
	5091	1133.02	634.59	0	
	5092	1133.02	634.59	0	
	5093	1133.02	634.59	0	
	5094	1133.02	634.59	0	
	5095	1133.02	634.59	0	
	5096	1133.02	634.59	0	
	5097	1133.02	634.59	0	
	5098	1133.02	634.59	0	
	5099	1133.02	634.59	0	
	5100	1133.01	634.582	0	
	5101	1132.09	634.527	0	
	5102	1131.2	634.527	0	
	5103	1130.38	634.469	0	
	5104	1129.63	634.434	0	
	5105	1128.83	634.406	0	
	5106	1127.89	634.383	0	
	5107	1127.01	634.344	0	
	5108	1126.1	634.309	0	
	5109	1125.21	634.277	0	
	5110	1124.41	634.207	0	
	5111	1123.69	634.102	0	
	5112	1122.84	633.98	0	
	5113	1121.87	633.867	0	
	5114	1121	633.746	0	
	5115	1120.08	633.656	0	
	5116	1119.21	633.582	0	
	5117	1118.4	633.527	0	
	5118	1117.65	633.527	0	
	5119	1116.83	633.473	0	
	5120	1115.89	633.422	0	
	5121	1115	633.387	0	
	5122	1114.09	633.371	0	
	5123	1113.22	633.355	0	
	5124	1112.42	633.32	0	
	5125	1111.7	633.266	0	
	5126	1110.84	633.199	0	
	5127	1109.88	633.109	0	
	5128	1109	633	0	
	5129	1108.1	632.891	0	
	5130	1107.23	632.781	0	
	5131	1106.44	632.688	0	
	5132	1105.72	632.621	0	
	5133	1104.84	632.57	0	
	5134	1103.9	632.535	0	
	5135	1103.01	632.484	0	
	5136	1102.09	632.441	0	
	5137	1101.23	632.418	0	
	5138	1100.43	632.379	0	
	5139	1099.71	632.348	0	
	5140	1098.84	632.313	0	
	5141	1097.89	632.273	0	
	5142	1097.02	632.207	0	
	5143	1096.11	632.133	0	
	5144	1095.25	632.043	0	
	5145	1094.48	631.926	0	
	5146	1093.76	631.813	0	
	5147	1092.84	631.723	0	
	5148	1091.91	631.652	0	
	5149	1091.02	631.578	0	
	5150	1090.11	631.527	0	
	5151	1089.25	631.527	0	
	5152	1088.46	631.48	0	
	5153	1087.73	631.434	0	
	5154	1086.84	631.391	0	
	5155	1085.91	631.355	0	
	5156	1085.03	631.32	0	
	5157	1084.12	631.297	0	
	5158	1083.27	631.258	0	
	5159	1082.5	631.199	0	
	5160	1081.77	631.125	0	
	5161	1080.84	631.039	0	
	5162	1079.9	630.941	0	
	5163	1079.04	630.832	0	
	5164	1079.93	630.473	0	
	5165	1080.84	630.246	0	
	5166	1081.79	629.711	0	
	5167	1082.52	629.426	0	
	5168	1083.3	629.125	0	
	5169	1084.14	628.586	0	
	5170	1085.05	628.344	0	
	5171	1085.93	627.945	0	
	5172	1086.84	627.543	0	
	5173	1087.8	627.305	0	
	5174	1088.59	626.805	0	
	5175	1089.31	626.484	0	
	5176	1090.17	626.211	0	
	5177	1091.07	625.68	0	
	5178	1091.97	625.398	0	
	5179	1092.84	625.105	0	
	5180	1093.84	624.648	0	
	5181	1094.63	624.367	0	
	5182	1095.37	623.969	0	
	5183	1096.19	623.523	0	
	5184	1097.07	623.25	0	
	5185	1097.98	622.738	0	
	5186	1098.96	622.867	0	
	5187	1099.93	623.051	0	
	5188	1100.9	623.207	0	
	5189	1101.88	623.316	0	
	5190	1102.86	623.391	0	
	5191	1103.84	623.465	0	
	5192	1104.84	623.555	0	
	5193	1105.84	623.621	0	
	5194	1106.84	623.738	0	
	5195	1107.84	623.871	0	
	5196	1108.8	624.055	0	
	5197	1109.74	624.219	0	
	5198	1110.68	624.332	0	
	5199	1111.63	624.41	0	
	5200	1112.57	624.496	0	
	5201	1113.51	624.543	0	
	5202	1114.47	624.648	0	
	5203	1115.42	624.797	0	
	5204	1116.37	624.934	0	
	5205	1117.32	625.113	0	
	5206	1118.29	625.262	0	
	5207	1119.25	625.359	0	
	5208	1120.23	625.445	0	
	5209	1121.28	625.527	0	
	5210	1122.33	625.637	0	
	5211	1123.25	625.656	0	
	5212	1124.14	625.82	0	
	5213	1125.13	625.965	0	
	5214	1126.12	626.148	0	
	5215	1127.1	626.285	0	
	5216	1128.07	626.352	0	
	5217	1129.05	626.426	0	
	5218	1130.03	626.512	0	
	5219	1131	626.578	0	
	5220	1131.97	626.668	0	
	5221	1132.94	626.801	0	
	5222	1133.9	626.941	0	
	5223	1134.88	627.113	0	
	5224	1135.85	627.262	0	
	5225	1136.84	627.355	0	
	5226	1137.84	627.426	0	
	5227	1138.8	627.52	0	
	5228	1139.78	627.57	0	
	5229	1140.76	627.688	0	
	5230	1141.73	627.855	0	
	5231	1142.68	628.027	0	
	5232	1143.62	628.199	0	
	5233	1144.57	628.316	0	
	5234	1145.53	628.387	0	
	5235	1146.51	628.469	0	
	5236	1147.5	628.527	0	
	5237	1148.49	628.578	0	
	5238	1149.44	628.648	0	
	5239	1150.34	628.805	0	
	5240	1151.31	628.988	0	
	5241	1152.28	629.18	0	
	5242	1153.26	629.309	0	
	5243	1154.23	629.371	0	
	5244	1155.2	629.438	0	
	5245	1156.18	629.516	0	
	5246	1157.17	629.57	0	
	5247	1158.15	629.652	0	
	5248	1159.12	629.797	0	
	5249	1158.04	629.672	0	
	5250	1156.96	629.59	0	
	5251	1155.88	629.527	0	
	5252	1154.83	629.449	0	
	5253	1153.74	629.379	0	
	5254	1152.59	629.332	0	
	5255	1151.45	629.266	0	
	5256	1150.34	629.145	0	
	5257	1149.27	628.973	0	
	5258	1148.19	628.789	0	
	5259	1147.14	628.633	0	
	5260	1146.1	628.527	0	
	5261	1145.03	628.469	0	
	5262	1143.95	628.383	0	
	5263	1142.86	628.324	0	
	5264	1141.84	628.184	0	
	5265	1140.8	628.02	0	
	5266	1139.68	627.855	0	
	5267	1138.52	627.723	0	
	5268	1137.37	627.598	0	
	5269	1136.27	627.527	0	
	5270	1135.19	627.484	0	
	5271	1134.13	627.391	0	
	5272	1133.09	627.313	0	
	5273	1132.02	627.203	0	
	5274	1130.95	627.051	0	
	5275	1129.87	626.883	0	
	5276	1128.84	626.746	0	
	5277	1127.82	626.629	0	
	5278	1126.7	626.551	0	
	5279	1125.56	626.5	0	
	5280	1124.42	626.426	0	
	5281	1123.33	626.367	0	
	5282	1122.26	626.293	0	
	5283	1121.21	626.16	0	
	5284	1120.17	626.008	0	
	5285	1119.14	625.898	0	
	5286	1119.27	625.961	0	
	5287	1119.46	625.988	0	
	5288	1119.75	625.992	0	
	5289	1119.89	626.008	0	
	5290	1120.09	626.023	0	
	5291	1120.22	626.039	0	
	5292	1120.34	626.082	0	
	5293	1120.58	626.094	0	
	5294	1120.87	626.102	0	
	5295	1121.07	626.129	0	
	5296	1121.23	626.137	0	
	5297	1121.34	626.148	0	
	5298	1121.49	626.176	0	
	5299	1121.71	626.188	0	
	5300	1121.98	626.203	0	
	5301	1122.16	626.219	0	
	5302	1122.28	626.219	0	
	5303	1122.37	626.242	0	
	5304	1122.54	626.27	0	
	5305	1122.77	626.277	0	
	5306	1123	626.297	0	
	5307	1123.18	626.309	0	
	5308	1123.28	626.309	0	
	5309	1123.39	626.324	0	
	5310	1123.57	626.332	0	
	5311	1125.97	626.398	0	
	5312	1128.22	626.496	0	
	5313	1130.39	626.543	0	
	5314	1132.73	626.75	0	
	5315	1135.06	626.934	0	
	5316	1137.3	627.082	0	
	5317	1139.51	627.258	0	
	5318	1141.94	627.336	0	
	5319	1144.21	627.406	0	
	5320	1146.36	627.527	0	
	5321	1148.66	627.594	0	
	5322	1151.07	627.781	0	
	5323	1153.29	627.988	0	
	5324	1153.05	628.059	0	
	5325	1152.59	628.117	0	
	5326	1152.32	628.148	0	
	5327	1152.15	628.219	0	
	5328	1151.89	628.242	0	
	5329	1151.42	628.289	0	
	5330	1151.25	628.313	0	
	5331	1151	628.348	0	
	5332	1150.55	628.371	0	
	5333	1150.29	628.375	0	
	5334	1150.14	628.41	0	
	5335	1149.69	628.438	0	
	5336	1149.34	628.473	0	
	5337	1149.21	628.527	0	
	5338	1148.94	628.527	0	
	5339	1148.44	628.527	0	
	5340	1148.26	628.563	0	
	5341	1148.05	628.605	0	
	5342	1147.6	628.688	0	
	5343	1147.3	628.754	0	
	5344	1147.17	628.824	0	
	5345	1146.77	628.91	0	
	5346	1146.39	628.984	0	
	5347	1146.24	629.043	0	
	5348	1145.97	629.094	0	
	5349	1145.51	629.152	0	
	5350	1145.29	629.195	0	
	5351	1145.09	629.246	0	
	5352	1144.64	629.281	0	
	5353	1144.32	629.297	0	
	5354	1144.19	629.34	0	
	5355	1143.9	629.352	0	
	5356	1143.39	629.383	0	
	5357	1143.24	629.402	0	
	5358	1142.98	629.426	0	
	5359	1142.5	629.473	0	
	5360	1142.28	629.508	0	
	5361	1142.1	629.527	0	
	5362	1141.64	629.527	0	
	5363	1141.32	629.559	0	
	5364	1141.2	629.598	0	
	5365	1140.9	629.672	0	
	5366	1140.4	629.742	0	
	5367	1142.14	629.527	0	
	5368	1143.52	629.457	0	
	5369	1145.23	629.359	0	
	5370	1146.69	629.254	0	
	5371	1148.29	629.027	0	
	5372	1149.93	628.801	0	
	5373	1151.33	628.578	0	
	5374	1152.98	628.512	0	
	5375	1154.38	628.398	0	
	5376	1156.09	628.297	0	
	5377	1157.53	628.105	0	
	5378	1159.2	627.887	0	
	5379	1160.72	627.68	0	
	5380	1162.27	627.527	0	
	5381	1163.92	627.406	0	
	5382	1165.34	627.328	0	
	5383	1167.05	627.172	0	
	5384	1168.5	626.949	0	
	5385	1170.19	626.695	0	
	5386	1171.63	626.527	0	
	5387	1173.26	626.434	0	
	5388	1174.89	626.344	0	
	5389	1176.31	626.238	0	
	5390	1177.88	626.039	0	
	5391	1179.29	625.82	0	
	5392	1180.89	625.598	0	
	5393	1182.33	625.492	0	
	5394	1183.98	625.359	0	
	5395	1185.57	625.262	0	
	5396	1187.15	625.016	0	
	5397	1188.82	624.828	0	
	5398	1190.25	624.621	0	
	5399	1191.95	624.527	0	
	5400	1193.39	624.406	0	
	5401	1195.08	624.316	0	
	5402	1196.56	624.188	0	
	5403	1198.19	623.969	0	
	5404	1198.21	623.977	0	
	5405	1198.2	623.977	0	
	5406	1198.29	623.992	0	
	5407	1198.29	623.992	0	
	5408	1198.29	623.992	0	
	5409	1198.29	623.992	0	
	5410	1198.29	623.992	0	
	5411	1198.29	623.992	0	
	5412	1198.29	623.992	0	
	5413	1198.29	623.992	0	
	5414	1198.29	623.992	0	
	5415	1198.29	623.992	0	
	5416	1198.29	623.992	0	
	5417	1198.29	623.992	0	
	5418	1198.29	623.992	0	
	5419	1198.29	623.992	0	
	5420	1198.29	623.992	0	
	5421	1198.29	623.992	0	
	5422	1198.29	623.992	0	
	5423	1198.29	623.992	0	
	5424	1198.29	623.992	0	
	5425	1198.29	623.992	0	
	5426	1198.29	623.992	0	
	5427	1198.29	623.992	0	
	5428	1198.29	623.992	0	
	5429	1198.29	623.992	0	
	5430	1198.29	623.992	0	
	5431	1198.29	623.992	0	
	5432	1198.29	623.992	0	
	5433	1198.29	623.992	0	
	5434	1198.29	623.992	0	
	5435	1198.29	623.992	0	

Transform	Rotation
	Frame	degrees	
	280	-90	
	281	-89.9986	
	282	-90	
	283	-90	
	284	-90	
	285	-89.9986	
	286	-90.0014	
	287	-90.0014	
	288	-90.0029	
	289	-90.0029	
	290	-90.0058	
	291	-90.0072	
	292	-90.0086	
	293	-90.0101	
	294	-90.0144	
	295	-90.0144	
	296	-90.0173	
	297	-90.0173	
	298	-90.0187	
	299	-90.0187	
	300	-90.0202	
	301	-90.0216	
	302	-90.0216	
	303	-90.0202	
	304	-90.0202	
	305	-90.023	
	306	-90.0259	
	307	-90.0245	
	308	-90.0245	
	309	-90.0245	
	310	-90.0245	
	311	-90.0245	
	312	-90.0245	
	313	-90.0245	
	314	-90.0245	
	315	-90.0259	
	316	-90.0259	
	317	-90.0259	
	318	-90.0259	
	319	-90.0259	
	320	-90.0259	
	321	-90.0274	
	322	-90.0274	
	323	-90.0259	
	324	-90.0274	
	325	-90.0274	
	326	-90.0274	
	327	-90.0274	
	328	-90.0274	
	329	-90.0288	
	330	-90.0288	
	331	-90.0288	
	332	-90.0288	
	333	-90.0302	
	334	-90.0302	
	335	-90.0302	
	336	-90.0303	
	337	-90.0303	
	338	-90.0317	
	339	-90.0317	
	340	-90.0317	
	341	-90.0317	
	342	-90.0317	
	343	-90.0317	
	344	-90.0317	
	345	-90.0317	
	346	-90.0317	
	347	-90.0317	
	348	-90.0317	
	349	-90.0317	
	350	-90.0317	
	351	-90.0317	
	352	-90.0317	
	353	-90.0303	
	354	-90.0303	
	355	-90.0303	
	356	-90.0303	
	357	-90.0303	
	358	-90.0303	
	359	-90.0303	
	360	-90.0303	
	361	-90.0303	
	362	-90.0303	
	363	-90.0288	
	364	-90.0288	
	365	-90.0288	
	366	-90.0288	
	367	-90.0288	
	368	-90.0288	
	369	-90.0288	
	370	-90.0288	
	371	-90.0288	
	372	-90.0288	
	373	-90.0288	
	374	-90.0288	
	375	-90.0288	
	376	-90.0288	
	377	-90.0288	
	378	-90.0288	
	379	-90.0288	
	380	-90.0288	
	381	-90.0288	
	382	-90.0288	
	383	-90.0288	
	384	-90.0288	
	385	-90.0288	
	386	-90.0288	
	387	-90.0302	
	388	-90.0288	
	389	-90.0288	
	390	-90.0288	
	391	-90.0288	
	392	-90.0302	
	393	-90.0302	
	394	-90.0302	
	395	-90.0302	
	396	-90.0302	
	397	-90.0317	
	398	-90.0317	
	399	-90.0317	
	400	-90.0331	
	401	-90.0331	
	402	-90.0317	
	403	-90.0317	
	404	-90.0331	
	405	-90.0331	
	406	-90.0331	
	407	-90.0331	
	408	-90.0331	
	409	-90.0331	
	410	-90.0331	
	411	-90.0331	
	412	-90.0331	
	413	-90.0331	
	414	-90.0331	
	415	-90.0331	
	4152	-90.0331	
	4153	-90.0331	
	4154	-90.0331	
	4155	-90.0331	
	4156	-90.0374	
	4157	-90.0576	
	4158	-90.0576	
	4159	-90.0331	
	4160	-90.0331	
	4161	-90.0346	
	4162	-90.0346	
	4163	-90.0331	
	4164	-90.0331	
	4165	-90.0331	
	4166	-90.0346	
	4167	-90.0346	
	4168	-90.0288	
	4169	-90.0216	
	4170	-90.0418	
	4171	-90.0605	
	4172	-90.0792	
	4173	-90.0849	
	4174	-90.0893	
	4175	-90.0921	
	4176	-90.0921	
	4177	-90.0936	
	4178	-90.095	
	4179	-90.0951	
	4180	-90.0846	
	4181	-90.0386	
	4182	-90.0783	
	4183	-90.1035	
	4184	-90.058	
	4185	-90.09	
	4186	-90.1304	
	4187	-90.0936	
	4188	-90.1417	
	4189	-90.1622	
	4190	-90.1325	
	4191	-90.1978	
	4192	-90.1823	
	4193	-90.1584	
	4194	-90.1386	
	4195	-90.1763	
	4196	-90.1566	
	4197	-90.1331	
	4198	-90.1743	
	4199	-90.1521	
	4200	-90.1316	
	4201	-90.1763	
	4202	-90.1557	
	4203	-90.1368	
	4204	-90.1952	
	4205	-90.1696	
	4206	-90.1431	
	4207	-90.1361	
	4208	-90.1756	
	4209	-90.1454	
	4210	-90.1462	
	4211	-90.1955	
	4212	-90.1502	
	4213	-90.1433	
	4214	-90.2122	
	4215	-90.1536	
	4216	-90.1367	
	4217	-90.2237	
	4218	-90.1718	
	4219	-90.1377	
	4220	-90.1249	
	4221	-90.1822	
	4222	-90.1473	
	4223	-90.1149	
	4224	-90.1729	
	4225	-90.1433	
	4226	-90.0992	
	4227	-90.1542	
	4228	-90.1226	
	4229	-90.0957	
	4230	-90.0739	
	4231	-90.1463	
	4232	-90.1042	
	4233	-90.0897	
	4234	-90.1413	
	4235	-90.1044	
	4236	-90.0959	
	4237	-90.1436	
	4238	-90.1035	
	4239	-90.087	
	4240	-90.0808	
	4241	-90.138	
	4242	-90.085	
	4243	-90.0766	
	4244	-90.1389	
	4245	-90.0933	
	4246	-90.0838	
	4247	-90.1421	
	4248	-90.1014	
	4249	-90.0897	
	4250	-90.1531	
	4251	-90.1116	
	4252	-90.1011	
	4253	-90.1704	
	4254	-90.1724	
	4255	-90.1067	
	4256	-90.1979	
	4257	-90.1762	
	4258	-90.1156	
	4259	-90.1176	
	4260	-90.1876	
	4261	-90.1145	
	4262	-90.1111	
	4263	-90.1933	
	4264	-90.1134	
	4265	-90.108	
	4266	-90.199	
	4267	-90.1187	
	4268	-90.1123	
	4269	-90.2056	
	4270	-90.1711	
	4271	-90.1123	
	4272	-90.1253	
	4273	-90.1727	
	4274	-90.1113	
	4275	-90.117	
	4276	-90.1905	
	4277	-90.1072	
	4278	-90.1118	
	4279	-90.197	
	4280	-90.1606	
	4281	-90.1048	
	4282	-90.1977	
	4283	-90.1622	
	4284	-90.1092	
	4285	-90.191	
	4286	-90.1091	
	4287	-90.1259	
	4288	-90.1573	
	4289	-90.1001	
	4290	-90.184	
	4291	-90.0957	
	4292	-90.0946	
	4293	-90.1571	
	4294	-90.0935	
	4295	-90.1707	
	4296	-90.0972	
	4297	-90.0764	
	4298	-90.1523	
	4299	-90.0721	
	4300	-90.0415	
	4301	-90.0731	
	4302	-90.0284	
	4303	-90.1057	
	4304	-90.0558	
	4305	-90.0117	
	4306	-90.0604	
	4307	-90.0311	
	4308	-90.1148	
	4309	-90.0621	
	4310	-90.0301	
	4311	-90.1465	
	4312	-90.0766	
	4313	-90.1528	
	4314	-90.087	
	4315	-90.0635	
	4316	-90.149	
	4317	-90.0785	
	4318	-90.1618	
	4319	-90.0871	
	4320	-90.06	
	4321	-90.1505	
	4322	-90.0781	
	4323	-90.0628	
	4324	-90.0853	
	4325	-90.0646	
	4326	-90.1605	
	4327	-90.0779	
	4328	-90.0622	
	4329	-90.0867	
	4330	-90.0659	
	4331	-90.151	
	4332	-90.0778	
	4333	-90.0683	
	4334	-90.1423	
	4335	-90.0774	
	4336	-90.1576	
	4337	-90.0801	
	4338	-90.0736	
	4339	-90.1484	
	4340	-90.0825	
	4341	-90.1668	
	4342	-90.0895	
	4343	-90.0849	
	4344	-90.1604	
	4345	-90.0881	
	4346	-90.1862	
	4347	-90.0963	
	4348	-90.089	
	4349	-90.1726	
	4350	-90.0895	
	4351	-90.0995	
	4352	-90.1387	
	4353	-90.099	
	4354	-90.0917	
	4355	-90.0844	
	4356	-90.0816	
	4357	-90.0815	
	4358	-90.0812	
	4359	-90.0776	
	4360	-90.0767	
	4361	-90.073	
	4362	-90.0709	
	4363	-90.069	
	4364	-90.0654	
	4365	-90.0645	
	4366	-90.0582	
	4367	-90.0419	
	4368	-90.0303	
	4369	-90.024	
	4370	-90.0312	
	4371	-90.0365	
	4372	-90.0328	
	4373	-90.0327	
	4374	-90.031	
	4375	-90.1026	
	4376	-90.1017	
	4377	-90.0977	
	4378	-90.044	
	4379	-90.0448	
	4380	-90.0466	
	4381	-90.0455	
	4382	-90.042	
	4383	-90.0384	
	4384	-90.0384	
	4385	-90.0384	
	4386	-90.0374	
	4387	-90.0383	
	4388	-90.0365	
	4389	-90.0365	
	4390	-90.039	
	4391	-90.0389	
	4392	-90.0363	
	4393	-90.0371	
	4394	-90.0423	
	4395	-90.0465	
	4396	-90.0533	
	4397	-90.0575	
	4398	-90.0566	
	4399	-90.0531	
	4400	-90.0513	
	4401	-90.0461	
	4402	-90.1152	
	4403	-90.1117	
	4404	-90.1073	
	4405	-90.1055	
	4406	-90.0518	
	4407	-90.0534	
	4408	-90.0534	
	4409	-90.0499	
	4410	-90.0456	
	4411	-90.0439	
	4412	-90.0447	
	4413	-90.0455	
	4414	-90.0454	
	4415	-90.0462	
	4416	-90.0462	
	4417	-90.0436	
	4418	-90.0427	
	4419	-90.0435	
	4420	-90.0426	
	4421	-90.0434	
	4422	-90.0467	
	4423	-90.0533	
	4424	-90.0615	
	4425	-90.0623	
	4426	-90.0605	
	4427	-90.0563	
	4428	-90.1216	
	4429	-90.1215	
	4430	-90.1255	
	4431	-90.1319	
	4432	-90.131	
	4433	-90.0749	
	4434	-90.0723	
	4435	-90.0642	
	4436	-90.061	
	4437	-90.1583	
	4438	-90.0693	
	4439	-90.0644	
	4440	-90.0736	
	4441	-90.15	
	4442	-90.0647	
	4443	-90.0614	
	4444	-90.1621	
	4445	-90.1373	
	4446	-90.0666	
	4447	-90.0609	
	4448	-90.1545	
	4449	-90.0802	
	4450	-90.0686	
	4451	-90.0671	
	4452	-90.1477	
	4453	-90.0748	
	4454	-90.0664	
	4455	-90.0733	
	4456	-90.1417	
	4457	-90.0692	
	4458	-90.0651	
	4459	-90.0813	
	4460	-90.138	
	4461	-90.0678	
	4462	-90.0679	
	4463	-90.1531	
	4464	-90.0792	
	4465	-90.0674	
	4466	-90.07	
	4467	-90.1486	
	4468	-90.0769	
	4469	-90.0685	
	4470	-90.0763	
	4471	-90.1375	
	4472	-90.0662	
	4473	-90.0619	
	4474	-90.0767	
	4475	-90.1263	
	4476	-90.0623	
	4477	-90.064	
	4478	-90.077	
	4479	-90.123	
	4480	-90.0633	
	4481	-90.0619	
	4482	-90.1455	
	4483	-90.0749	
	4484	-90.0637	
	4485	-90.0646	
	4486	-90.1346	
	4487	-90.0667	
	4488	-90.0509	
	4489	-90.0641	
	4490	-90.1309	
	4491	-90.0572	
	4492	-90.0484	
	4493	-90.0787	
	4494	-90.1247	
	4495	-90.0575	
	4496	-90.0487	
	4497	-90.1418	
	4498	-90.0659	
	4499	-90.0508	
	4500	-90.1291	
	4501	-90.057	
	4502	-90.1458	
	4503	-90.0581	
	4504	-90.0653	
	4505	-90.0688	
	4506	-90.0548	
	4507	-90.1284	
	4508	-90.0592	
	4509	-90.1473	
	4510	-90.0667	
	4511	-90.0848	
	4512	-90.0793	
	4513	-90.0731	
	4514	-90.1404	
	4515	-90.0725	
	4516	-90.1539	
	4517	-90.0752	
	4518	-90.0937	
	4519	-90.0782	
	4520	-90.0828	
	4521	-90.1416	
	4522	-90.0813	
	4523	-90.1617	
	4524	-90.0804	
	4525	-90.1779	
	4526	-90.077	
	4527	-90.0881	
	4528	-90.0893	
	4529	-90.0774	
	4530	-90.1621	
	4531	-90.0746	
	4532	-90.165	
	4533	-90.0684	
	4534	-90.0731	
	4535	-90.0832	
	4536	-90.0713	
	4537	-90.1589	
	4538	-90.0697	
	4539	-90.1711	
	4540	-90.0644	
	4541	-90.0663	
	4542	-90.0812	
	4543	-90.0588	
	4544	-90.1603	
	4545	-90.0684	
	4546	-90.1941	
	4547	-90.0722	
	4548	-90.1912	
	4549	-90.081	
	4550	-90.0688	
	4551	-90.1602	
	4552	-90.0662	
	4553	-90.1893	
	4554	-90.07	
	4555	-90.0815	
	4556	-90.0808	
	4557	-90.0735	
	4558	-90.1699	
	4559	-90.0783	
	4560	-90.1907	
	4561	-90.0796	
	4562	-90.1879	
	4563	-90.0779	
	4564	-90.0818	
	4565	-90.1608	
	4566	-90.0732	
	4567	-90.1623	
	4568	-90.0735	
	4569	-90.1005	
	4570	-90.0696	
	4571	-90.0737	
	4572	-90.1349	
	4573	-90.032	
	4574	-90.0427	
	4575	-90.0234	
	4576	-90.0429	
	4577	-90.0205	
	4578	-90.0273	
	4579	-90.0372	
	4580	-90.0362	
	4581	-90.0274	
	4582	-90.0264	
	4583	-90.0243	
	4584	-90.0234	
	4585	-90.0224	
	4586	-90.0214	
	4587	-90.0136	
	4588	-90.0078	
	4589	-90.0137	
	4590	-90.0244	
	4591	-90.0382	
	4592	-90.0382	
	4593	-90.0333	
	4594	-90.0284	
	4595	-90.095	
	4596	-90.0313	
	4597	-90.0362	
	4598	-90.0362	
	4599	-90.0303	
	4600	-90.0372	
	4601	-90.0479	
	4602	-90.0616	
	4603	-90.0665	
	4604	-90.0675	
	4605	-90.0685	
	4606	-90.0685	
	4607	-90.0695	
	4608	-90.0676	
	4609	-90.1613	
	4610	-90.1613	
	4611	-90.1603	
	4612	-90.1603	
	4613	-90.1543	
	4614	-90.0904	
	4615	-90.0855	
	4616	-90.0776	
	4617	-90.0746	
	4618	-90.0746	
	4619	-90.0734	
	4620	-90.0734	
	4621	-90.0725	
	4622	-90.0715	
	4623	-90.0735	
	4624	-90.0774	
	4625	-90.0794	
	4626	-90.1959	
	4627	-90.1909	
	4628	-90.187	
	4629	-90.1791	
	4630	-90.1693	
	4631	-90.1633	
	4632	-90.0974	
	4633	-90.0915	
	4634	-90.0865	
	4635	-90.0855	
	4636	-90.0855	
	4637	-90.0834	
	4638	-90.0815	
	4639	-90.0815	
	4640	-90.0796	
	4641	-90.0786	
	4642	-90.0807	
	4643	-90.0807	
	4644	-90.0879	
	4645	-90.0751	
	4646	-90.0672	
	4647	-90.0573	
	4648	-90.0524	
	4649	-90.0563	
	4650	-90.0633	
	4651	-90.0791	
	4652	-90.0761	
	4653	-90.0544	
	4654	-90.0761	
	4655	-90.0672	
	4656	-90.0593	
	4657	-90.0712	
	4658	-90.0633	
	4659	-90.0751	
	4660	-90.0692	
	4661	-90.0534	
	4662	-90.0731	
	4663	-90.0652	
	4664	-90.0445	
	4665	-90.0662	
	4666	-90.0623	
	4667	-90.0524	
	4668	-90.0613	
	4669	-90.0573	
	4670	-90.0751	
	4671	-90.0633	
	4672	-90.0494	
	4673	-90.0682	
	4674	-90.0623	
	4675	-90.0435	
	4676	-90.0652	
	4677	-90.0613	
	4678	-90.0514	
	4679	-90.0633	
	4680	-90.0573	
	4681	-90.0751	
	4682	-90.0653	
	4683	-90.0524	
	4684	-90.0712	
	4685	-90.0613	
	4686	-90.0465	
	4687	-90.0692	
	4688	-90.0613	
	4689	-90.0573	
	4690	-90.0643	
	4691	-90.0573	
	4692	-90.0751	
	4693	-90.0643	
	4694	-90.0504	
	4695	-90.0751	
	4696	-90.0633	
	4697	-90.0435	
	4698	-90.0672	
	4699	-90.0613	
	4700	-90.0534	
	4701	-90.0712	
	4702	-90.0603	
	4703	-90.0741	
	4704	-90.0672	
	4705	-90.0524	
	4706	-90.0702	
	4707	-90.0672	
	4708	-90.0435	
	4709	-90.0652	
	4710	-90.0643	
	4711	-90.0534	
	4712	-90.0662	
	4713	-90.0662	
	4714	-90.0751	
	4715	-90.0712	
	4716	-90.0613	
	4717	-90.0781	
	4718	-90.0781	
	4719	-90.0613	
	4720	-90.0811	
	4721	-90.0751	
	4722	-90.0662	
	4723	-90.0761	
	4724	-90.0682	
	4725	-90.0751	
	4726	-90.0781	
	4727	-90.0623	
	4728	-90.0633	
	4729	-90.0751	
	4730	-90.08	
	4731	-90.0712	
	4732	-90.0702	
	4733	-90.0692	
	4734	-90.0652	
	4735	-90.0543	
	4736	-90.0652	
	4737	-90.0682	
	4738	-90.0642	
	4739	-90.0662	
	4740	-90.0692	
	4741	-90.0672	
	4742	-90.0573	
	4743	-90.0553	
	4744	-90.0702	
	4745	-90.0662	
	4746	-90.0632	
	4747	-90.0711	
	4748	-90.0711	
	4749	-90.0642	
	4750	-90.0543	
	4751	-90.0613	
	4752	-90.0721	
	4753	-90.0662	
	4754	-90.0632	
	4755	-90.0721	
	4756	-90.0672	
	4757	-90.0583	
	4758	-90.0563	
	4759	-90.0751	
	4760	-90.0741	
	4761	-90.0681	
	4762	-90.0731	
	4763	-90.0721	
	4764	-90.0662	
	4765	-90.0533	
	4766	-90.0602	
	4767	-90.08	
	4768	-90.075	
	4769	-90.0701	
	4770	-90.0741	
	4771	-90.0671	
	4772	-90.0583	
	4773	-90.0533	
	4774	-90.0751	
	4775	-90.0839	
	4776	-90.0741	
	4777	-90.0751	
	4778	-90.0721	
	4779	-90.0642	
	4780	-90.0514	
	4781	-90.0593	
	4782	-90.0879	
	4783	-90.083	
	4784	-90.0751	
	4785	-90.0771	
	4786	-90.0741	
	4787	-90.0652	
	4788	-90.0642	
	4789	-90.0751	
	4790	-90.1018	
	4791	-90.1137	
	4792	-90.1226	
	4793	-90.1196	
	4794	-90.1097	
	4795	-90.1077	
	4796	-90.1137	
	4797	-90.0969	
	4798	-90.1057	
	4799	-90.1008	
	4800	-90.0959	
	4801	-90.085	
	4802	-90.0721	
	4803	-90.08	
	4804	-90.0672	
	4805	-90.0682	
	4806	-90.0711	
	4807	-90.0632	
	4808	-90.0662	
	4809	-90.0553	
	4810	-90.0692	
	4811	-90.0721	
	4812	-90.0652	
	4813	-90.0731	
	4814	-90.0583	
	4815	-90.0662	
	4816	-90.0484	
	4817	-90.0681	
	4818	-90.083	
	4819	-90.0593	
	4820	-90.0721	
	4821	-90.0435	
	4822	-90.0672	
	4823	-90.0643	
	4824	-90.0623	
	4825	-90.0692	
	4826	-90.0504	
	4827	-90.0593	
	4828	-90.0484	
	4829	-90.0613	
	4830	-90.0682	
	4831	-90.0573	
	4832	-90.0603	
	4833	-90.0464	
	4834	-90.0632	
	4835	-90.0593	
	4836	-90.0622	
	4837	-90.0602	
	4838	-90.0543	
	4839	-90.0454	
	4840	-90.0444	
	4841	-90.0632	
	4842	-90.083	
	4843	-90.08	
	4844	-90.0751	
	4845	-90.0692	
	4846	-90.0682	
	4847	-90.0662	
	4848	-90.0633	
	4849	-90.0593	
	4850	-90.0524	
	4851	-90.0465	
	4852	-90.0524	
	4853	-90.0702	
	4854	-90.0662	
	4855	-90.0623	
	4856	-90.0603	
	4857	-90.0593	
	4858	-90.0632	
	4859	-90.0622	
	4860	-90.0603	
	4861	-90.0563	
	4862	-90.0514	
	4863	-90.0435	
	4864	-90.0484	
	4865	-90.0721	
	4866	-90.081	
	4867	-90.0781	
	4868	-90.0721	
	4869	-90.0633	
	4870	-90.0643	
	4871	-90.0633	
	4872	-90.0583	
	4873	-90.0524	
	4874	-90.0475	
	4875	-90.0633	
	4876	-90.0514	
	4877	-90.0643	
	4878	-90.0534	
	4879	-90.0642	
	4880	-90.0524	
	4881	-90.0652	
	4882	-90.0573	
	4883	-90.0682	
	4884	-90.0613	
	4885	-90.0712	
	4886	-90.0613	
	4887	-90.0751	
	4888	-90.0642	
	4889	-90.0702	
	4890	-90.0672	
	4891	-90.0632	
	4892	-90.0682	
	4893	-90.0593	
	4894	-90.0702	
	4895	-90.0553	
	4896	-90.0712	
	4897	-90.0534	
	4898	-90.0781	
	4899	-90.0553	
	4900	-90.079	
	4901	-90.0543	
	4902	-90.0761	
	4903	-90.0553	
	4904	-90.078	
	4905	-90.0583	
	4906	-90.08	
	4907	-90.0632	
	4908	-90.0751	
	4909	-90.0662	
	4910	-90.0612	
	4911	-90.0533	
	4912	-90.0484	
	4913	-90.0524	
	4914	-90.0672	
	4915	-90.083	
	4916	-90.0791	
	4917	-90.0721	
	4918	-90.0682	
	4919	-90.0652	
	4920	-90.0643	
	4921	-90.0593	
	4922	-90.0554	
	4923	-90.0494	
	4924	-90.0445	
	4925	-90.0514	
	4926	-90.0751	
	4927	-90.083	
	4928	-90.0791	
	4929	-90.0702	
	4930	-90.0632	
	4931	-90.0642	
	4932	-90.0612	
	4933	-90.0553	
	4934	-90.0504	
	4935	-90.0425	
	4936	-90.0444	
	4937	-90.0593	
	4938	-90.0751	
	4939	-90.0741	
	4940	-90.0721	
	4941	-90.0701	
	4942	-90.0692	
	4943	-90.0692	
	4944	-90.0682	
	4945	-90.0643	
	4946	-90.0603	
	4947	-90.0781	
	4948	-90.089	
	4949	-90.0593	
	4950	-90.075	
	4951	-90.079	
	4952	-90.0642	
	4953	-90.0701	
	4954	-90.0682	
	4955	-90.0662	
	4956	-90.0593	
	4957	-90.0653	
	4958	-90.0751	
	4959	-90.0524	
	4960	-90.0691	
	4961	-90.0741	
	4962	-90.0464	
	4963	-90.0652	
	4964	-90.0652	
	4965	-90.0474	
	4966	-90.0603	
	4967	-90.0662	
	4968	-90.0554	
	4969	-90.0613	
	4970	-90.0731	
	4971	-90.0711	
	4972	-90.0563	
	4973	-90.0652	
	4974	-90.0692	
	4975	-90.0464	
	4976	-90.0603	
	4977	-90.0672	
	4978	-90.0484	
	4979	-90.0662	
	4980	-90.08	
	4981	-90.0553	
	4982	-90.0661	
	4983	-90.0731	
	4984	-90.0751	
	4985	-90.0711	
	4986	-90.083	
	4987	-90.0919	
	4988	-90.0969	
	4989	-90.1156	
	4990	-90.1136	
	4991	-90.1097	
	4992	-90.1175	
	4993	-90.1076	
	4994	-90.1175	
	4995	-90.1027	
	4996	-90.1087	
	4997	-90.1156	
	4998	-90.1028	
	4999	-90.1077	
	5000	-90.0958	
	5001	-90.1037	
	5002	-90.0928	
	5003	-90.0908	
	5004	-90.1037	
	5005	-90.0879	
	5006	-90.0899	
	5007	-90.1008	
	5008	-90.0949	
	5009	-90.085	
	5010	-90.082	
	5011	-90.0909	
	5012	-90.079	
	5013	-90.0849	
	5014	-90.0898	
	5015	-90.0888	
	5016	-90.076	
	5017	-90.0968	
	5018	-90.0959	
	5019	-90.081	
	5020	-90.085	
	5021	-90.0968	
	5022	-90.0899	
	5023	-90.0978	
	5024	-90.0918	
	5025	-90.0938	
	5026	-90.076	
	5027	-90.0958	
	5028	-90.087	
	5029	-90.0652	
	5030	-90.0593	
	5031	-90.0623	
	5032	-90.0573	
	5033	-90.0573	
	5034	-90.0593	
	5035	-90.0593	
	5036	-90.0573	
	5037	-90.0573	
	5038	-90.0563	
	5039	-90.0544	
	5040	-90.0534	
	5041	-90.0534	
	5042	-90.0524	
	5043	-90.0524	
	5044	-90.0524	
	5045	-90.0524	
	5046	-90.0524	
	5047	-90.0524	
	5048	-90.0524	
	5049	-90.0524	
	5050	-90.0514	
	5051	-90.0524	
	5052	-90.0514	
	5053	-90.0514	
	5054	-90.0514	
	5055	-90.0514	
	5056	-90.0514	
	5057	-90.0514	
	5058	-90.0514	
	5059	-90.0524	
	5060	-90.0524	
	5061	-90.0534	
	5062	-90.0524	
	5063	-90.0524	
	5064	-90.0524	
	5065	-90.0524	
	5066	-90.0524	
	5067	-90.0524	
	5068	-90.0524	
	5069	-90.0524	
	5070	-90.0534	
	5071	-90.0534	
	5072	-90.0534	
	5073	-90.0534	
	5074	-90.0524	
	5075	-90.0524	
	5076	-90.0524	
	5077	-90.0524	
	5078	-90.0514	
	5079	-90.0514	
	5080	-90.0514	
	5081	-90.0534	
	5082	-90.0524	
	5083	-90.0534	
	5084	-90.0524	
	5085	-90.0524	
	5086	-90.0524	
	5087	-90.0524	
	5088	-90.0514	
	5089	-90.0514	
	5090	-90.0524	
	5091	-90.0514	
	5092	-90.0504	
	5093	-90.0514	
	5094	-90.0514	
	5095	-90.0514	
	5096	-90.0514	
	5097	-90.0504	
	5098	-90.0504	
	5099	-90.0504	
	5100	-90.0484	
	5101	-90.0594	
	5102	-90.0624	
	5103	-90.0604	
	5104	-90.0624	
	5105	-90.0714	
	5106	-90.0486	
	5107	-90.0477	
	5108	-90.0586	
	5109	-90.0606	
	5110	-90.0557	
	5111	-90.0657	
	5112	-90.0688	
	5113	-90.0319	
	5114	-90.0419	
	5115	-90.054	
	5116	-90.06	
	5117	-90.0571	
	5118	-90.0601	
	5119	-90.0732	
	5120	-90.0441	
	5121	-90.0472	
	5122	-90.0562	
	5123	-90.0613	
	5124	-90.0583	
	5125	-90.0724	
	5126	-90.0765	
	5127	-90.0453	
	5128	-90.0514	
	5129	-90.0616	
	5130	-90.0687	
	5131	-90.0698	
	5132	-90.082	
	5133	-90.077	
	5134	-90.0497	
	5135	-90.0487	
	5136	-90.0558	
	5137	-90.0589	
	5138	-90.0538	
	5139	-90.0681	
	5140	-90.0773	
	5141	-90.0448	
	5142	-90.051	
	5143	-90.0592	
	5144	-90.0653	
	5145	-90.0664	
	5146	-90.0757	
	5147	-90.0614	
	5148	-90.0338	
	5149	-90.0502	
	5150	-90.0575	
	5151	-90.0606	
	5152	-90.0606	
	5153	-90.074	
	5154	-90.0638	
	5155	-90.0257	
	5156	-90.034	
	5157	-90.0412	
	5158	-90.0361	
	5159	-90.031	
	5160	-90.0475	
	5161	-90.0248	
	5162	-90.0135	
	5163	-90.0342	
	5164	-90.0197	
	5165	-90.0197	
	5166	-90.0477	
	5167	-90.0332	
	5168	-90.0405	
	5169	-90.0406	
	5170	-90.0364	
	5171	-90.0229	
	5172	-90.0521	
	5173	-90.0824	
	5174	-90.071	
	5175	-90.0554	
	5176	-90.0637	
	5177	-90.0597	
	5178	-90.0419	
	5179	-90.0388	
	5180	-90.0797	
	5181	-90.0629	
	5182	-90.063	
	5183	-90.0652	
	5184	-90.0589	
	5185	-90.0484	
	5186	-90.0463	
	5187	-90.0421	
	5188	-90.039	
	5189	-90.0411	
	5190	-90.0474	
	5191	-90.0558	
	5192	-90.0705	
	5193	-90.08	
	5194	-90.08	
	5195	-90.0822	
	5196	-90.0822	
	5197	-90.0769	
	5198	-90.0737	
	5199	-90.0695	
	5200	-90.0632	
	5201	-90.0611	
	5202	-90.0653	
	5203	-90.0611	
	5204	-90.06	
	5205	-90.0748	
	5206	-90.0695	
	5207	-90.0716	
	5208	-90.0748	
	5209	-90.0947	
	5210	-90.1126	
	5211	-90.0958	
	5212	-90.0705	
	5213	-90.0705	
	5214	-90.0726	
	5215	-90.0716	
	5216	-90.0674	
	5217	-90.0663	
	5218	-90.0621	
	5219	-90.0611	
	5220	-90.0579	
	5221	-90.0579	
	5222	-90.059	
	5223	-90.0653	
	5224	-90.0674	
	5225	-90.0748	
	5226	-90.0832	
	5227	-90.0769	
	5228	-90.0769	
	5229	-90.0832	
	5230	-90.0842	
	5231	-90.0842	
	5232	-90.0831	
	5233	-90.0832	
	5234	-90.0927	
	5235	-90.099	
	5236	-90.1084	
	5237	-90.1169	
	5238	-90.1158	
	5239	-90.0968	
	5240	-90.0968	
	5241	-90.0979	
	5242	-90.1	
	5243	-90.0969	
	5244	-90.0948	
	5245	-90.0905	
	5246	-90.0895	
	5247	-90.0863	
	5248	-90.0811	
	5249	-90.0737	
	5250	-90.0779	
	5251	-90.08	
	5252	-90.0863	
	5253	-90.0842	
	5254	-90.0747	
	5255	-90.0705	
	5256	-90.0726	
	5257	-90.08	
	5258	-90.0789	
	5259	-90.0747	
	5260	-90.0705	
	5261	-90.0611	
	5262	-90.0579	
	5263	-90.0611	
	5264	-90.08	
	5265	-90.0779	
	5266	-90.0705	
	5267	-90.0674	
	5268	-90.0642	
	5269	-90.0705	
	5270	-90.0716	
	5271	-90.0695	
	5272	-90.0653	
	5273	-90.0537	
	5274	-90.0484	
	5275	-90.0484	
	5276	-90.0695	
	5277	-90.0758	
	5278	-90.0663	
	5279	-90.0632	
	5280	-90.0632	
	5281	-90.0706	
	5282	-90.0748	
	5283	-90.08	
	5284	-90.0811	
	5285	-90.0779	
	5286	-90.0894	
	5287	-90.08	
	5288	-90.0757	
	5289	-90.0726	
	5290	-90.0768	
	5291	-90.0957	
	5292	-90.0978	
	5293	-90.0915	
	5294	-90.0926	
	5295	-90.1031	
	5296	-90.1094	
	5297	-90.121	
	5298	-90.1242	
	5299	-90.1094	
	5300	-90.1157	
	5301	-90.1168	
	5302	-90.1189	
	5303	-90.1263	
	5304	-90.1316	
	5305	-90.1084	
	5306	-90.12	
	5307	-90.1137	
	5308	-90.1158	
	5309	-90.1263	
	5310	-90.12	
	5311	-90.1211	
	5312	-90.1148	
	5313	-90.1284	
	5314	-90.1157	
	5315	-90.1157	
	5316	-90.122	
	5317	-90.1305	
	5318	-90.1295	
	5319	-90.1274	
	5320	-90.1295	
	5321	-90.1274	
	5322	-90.142	
	5323	-90.1336	
	5324	-90.1346	
	5325	-90.1315	
	5326	-90.1262	
	5327	-90.1367	
	5328	-90.1494	
	5329	-90.1357	
	5330	-90.1263	
	5331	-90.1368	
	5332	-90.1421	
	5333	-90.12	
	5334	-90.1432	
	5335	-90.1348	
	5336	-90.12	
	5337	-90.1232	
	5338	-90.1484	
	5339	-90.1274	
	5340	-90.1126	
	5341	-90.1252	
	5342	-90.1284	
	5343	-90.1073	
	5344	-90.1252	
	5345	-90.1199	
	5346	-90.1188	
	5347	-90.1157	
	5348	-90.123	
	5349	-90.1241	
	5350	-90.1126	
	5351	-90.1315	
	5352	-90.1242	
	5353	-90.1116	
	5354	-90.1295	
	5355	-90.1548	
	5356	-90.1201	
	5357	-90.1158	
	5358	-90.1369	
	5359	-90.1264	
	5360	-90.1095	
	5361	-90.1274	
	5362	-90.1295	
	5363	-90.1147	
	5364	-90.1379	
	5365	-90.1642	
	5366	-90.1305	
	5367	-90.1463	
	5368	-90.139	
	5369	-90.1358	
	5370	-90.1368	
	5371	-90.1262	
	5372	-90.1473	
	5373	-90.1295	
	5374	-90.1326	
	5375	-90.1295	
	5376	-90.141	
	5377	-90.1305	
	5378	-90.1305	
	5379	-90.1336	
	5380	-90.1253	
	5381	-90.1379	
	5382	-90.1326	
	5383	-90.1368	
	5384	-90.1399	
	5385	-90.141	
	5386	-90.1369	
	5387	-90.1264	
	5388	-90.1348	
	5389	-90.1084	
	5390	-90.0705	
	5391	-90.0768	
	5392	-90.0347	
	5393	-90.0537	
	5394	-90.0379	
	5395	-90.0537	
	5396	-90.0674	
	5397	-90.0684	
	5398	-90.081	
	5399	-90.0716	
	5400	-90.0906	
	5401	-90.0748	
	5402	-90.0736	
	5403	-90.0831	
	5404	-90.0862	
	5405	-90.0862	
	5406	-90.1094	
	5407	-90.1094	
	5408	-90.1094	
	5409	-90.1094	
	5410	-90.1094	
	5411	-90.1094	
	5412	-90.1094	
	5413	-90.1094	
	5414	-90.1094	
	5415	-90.1094	
	5416	-90.1094	
	5417	-90.1094	
	5418	-90.1094	
	5419	-90.1094	
	5420	-90.1094	
	5421	-90.1094	
	5422	-90.1094	
	5423	-90.1094	
	5424	-90.1094	
	5425	-90.1094	
	5426	-90.1094	
	5427	-90.1094	
	5428	-90.1094	
	5429	-90.1094	
	5430	-90.1094	
	5431	-90.1094	
	5432	-90.1094	
	5433	-90.1094	
	5434	-90.1094	
	5435	-90.1094	

Transform	Opacity
	Frame	percent	
		0	


End of Keyframe Data
