Adobe After Effects 8.0 Keyframe Data

	Units Per Second	29.97
	Source Width	1920
	Source Height	960
	Source Pixel Aspect Ratio	1
	Comp Pixel Aspect Ratio	1

Motion Trackers	Tracker #2	Track Point #1	Feature Center
	Frame	X pixels	Y pixels
	280	727	634
	281	726.871	634
	282	726.871	634
	283	726.871	634
	284	726.871	634
	285	726.867	634
	286	726.871	634
	287	726.867	634
	288	726.867	634
	289	726.867	634
	290	726.867	634
	291	726.863	634
	292	726.863	634
	293	726.863	634
	294	726.867	634
	295	726.867	634
	296	726.867	634
	297	726.871	634
	298	726.871	634
	299	726.875	633.996
	300	726.875	633.984
	301	726.875	633.98
	302	726.875	633.969
	303	726.875	633.953
	304	726.875	633.953
	305	726.875	633.945
	306	726.875	633.949
	307	726.875	633.945
	308	726.875	633.93
	309	726.875	633.926
	310	726.875	633.926
	311	726.75	633.93
	312	726.75	633.93
	313	726.75	633.93
	314	726.75	633.926
	315	726.75	633.918
	316	726.75	633.918
	317	726.75	633.914
	318	726.75	633.91
	319	726.75	633.91
	320	726.75	633.906
	321	726.75	633.902
	322	726.75	633.902
	323	726.75	633.902
	324	726.75	633.898
	325	726.75	633.895
	326	726.75	633.895
	327	726.75	633.891
	328	726.75	633.895
	329	726.75	633.895
	330	726.75	633.891
	331	726.75	633.887
	332	726.75	633.883
	333	726.75	633.883
	334	726.75	633.879
	335	726.75	633.879
	336	726.75	633.871
	337	726.75	633.867
	338	726.75	633.867
	339	726.75	633.863
	340	726.75	633.863
	341	726.75	633.863
	342	726.75	633.863
	343	726.75	633.863
	344	726.75	633.863
	345	726.75	633.863
	346	726.75	633.867
	347	726.75	633.867
	348	726.75	633.863
	349	726.75	633.863
	350	726.75	633.867
	351	726.75	633.871
	352	726.75	633.871
	353	726.75	633.871
	354	726.75	633.875
	355	726.75	633.871
	356	726.75	633.875
	357	726.75	633.875
	358	726.75	633.875
	359	726.75	633.875
	360	726.75	633.879
	361	726.75	633.875
	362	726.75	633.875
	363	726.75	633.879
	364	726.75	633.879
	365	726.75	633.883
	366	726.75	633.879
	367	726.75	633.875
	368	726.75	633.871
	369	726.75	633.875
	370	726.75	633.879
	371	726.75	633.875
	372	726.75	633.875
	373	726.75	633.879
	374	726.75	633.875
	375	726.75	633.879
	376	726.75	633.875
	377	726.75	633.879
	378	726.75	633.875
	379	726.75	633.879
	380	726.75	633.875
	381	726.75	633.879
	382	726.75	633.879
	383	726.75	633.879
	384	726.75	633.883
	385	726.75	633.883
	386	726.75	633.883
	387	726.754	633.883
	388	726.75	633.887
	389	726.75	633.887
	390	726.75	633.887
	391	726.75	633.887
	392	726.754	633.887
	393	726.754	633.887
	394	726.754	633.887
	395	726.754	633.887
	396	726.754	633.887
	397	726.754	633.887
	398	726.754	633.887
	399	726.754	633.891
	400	726.758	633.891
	401	726.758	633.891
	402	726.754	633.891
	403	726.754	633.891
	404	726.758	633.891
	405	726.758	633.891
	406	726.758	633.891
	407	726.758	633.891
	408	726.758	633.891
	409	726.758	633.895
	410	726.758	633.895
	411	726.758	633.895
	412	726.758	633.895
	413	726.758	633.895
	414	726.758	633.895
	415	726.758	633.895
	4152	726.758	633.895
	4153	726.633	633.906
	4154	726.633	633.914
	4155	726.633	633.918
	4156	726.645	633.938
	4157	726.699	633.953
	4158	726.699	633.938
	4159	726.633	633.938
	4160	726.633	633.949
	4161	726.637	633.953
	4162	726.637	633.945
	4163	726.633	633.945
	4164	726.633	633.941
	4165	726.633	633.938
	4166	726.633	633.934
	4167	726.633	633.945
	4168	726.621	633.965
	4169	726.602	633.977
	4170	726.656	633.957
	4171	726.707	633.949
	4172	726.758	633.941
	4173	726.773	633.949
	4174	726.781	633.957
	4175	726.789	633.949
	4176	726.789	633.949
	4177	726.797	633.957
	4178	726.801	633.957
	4179	726.801	633.832
	4180	726.922	633.824
	4181	727.27	633.82
	4182	727.73	633.762
	4183	727.914	633.746
	4184	728.168	633.758
	4185	728.715	633.711
	4186	728.957	633.688
	4187	729.133	633.707
	4188	729.758	633.664
	4189	730.008	633.617
	4190	730.145	633.629
	4191	730.789	633.57
	4192	731.047	633.508
	4193	731.156	633.438
	4194	731.512	633.379
	4195	732.004	633.324
	4196	732.105	633.301
	4197	732.375	633.27
	4198	732.938	633.254
	4199	733.063	633.25
	4200	733.254	633.227
	4201	733.848	633.223
	4202	734.035	633.223
	4203	734.164	633.203
	4204	734.766	633.184
	4205	735.012	633.168
	4206	735.121	633.137
	4207	735.453	633.113
	4208	735.98	633.09
	4209	736.082	633.063
	4210	736.336	633.031
	4211	736.934	633.02
	4212	737.066	633.008
	4213	737.246	632.977
	4214	737.883	632.973
	4215	738.047	632.977
	4216	738.164	632.945
	4217	738.824	632.941
	4218	739.031	632.945
	4219	739.133	632.93
	4220	739.438	632.957
	4221	740.035	632.996
	4222	740.121	633.027
	4223	740.352	633.066
	4224	740.973	633.074
	4225	741.086	633.082
	4226	741.227	633.094
	4227	741.848	633.086
	4228	742.016	633.07
	4229	742.098	633.07
	4230	742.441	633.078
	4231	742.941	633.051
	4232	743.035	633.043
	4233	743.328	633.043
	4234	743.875	633.023
	4235	744.004	633.016
	4236	744.211	633.004
	4237	744.809	632.781
	4238	744.98	632.77
	4239	745.094	632.809
	4240	745.488	632.789
	4241	745.945	632.738
	4242	746.039	632.777
	4243	746.41	632.773
	4244	746.93	632.707
	4245	747.039	632.723
	4246	747.355	632.723
	4247	747.918	632.656
	4248	748.055	632.645
	4249	748.277	632.652
	4250	748.887	632.586
	4251	749.051	632.547
	4252	749.215	632.566
	4253	749.871	632.512
	4254	750.055	632.465
	4255	750.176	632.473
	4256	750.84	632.438
	4257	751.059	632.395
	4258	751.168	632.391
	4259	751.465	632.371
	4260	752.055	632.352
	4261	752.133	632.34
	4262	752.371	632.328
	4263	753.02	632.309
	4264	753.121	632.301
	4265	753.277	632.289
	4266	753.949	632.273
	4267	754.09	632.258
	4268	754.195	632.258
	4269	754.867	632.242
	4270	755.063	632.234
	4271	755.133	632.223
	4272	755.438	632.195
	4273	756.016	632.176
	4274	756.094	632.164
	4275	756.332	632.141
	4276	756.957	632.113
	4277	757.066	632.102
	4278	757.234	632.086
	4279	757.895	632.055
	4280	758.043	631.734
	4281	758.156	631.762
	4282	758.832	631.742
	4283	759.031	631.684
	4284	759.168	632.281
	4285	759.914	632.391
	4286	760.078	632.523
	4287	760.367	633.102
	4288	761.027	633.336
	4289	761.145	633.422
	4290	761.887	633.598
	4291	762.051	634.215
	4292	762.285	634.391
	4293	763	634.449
	4294	763.105	634.676
	4295	763.789	635.309
	4296	764.031	635.41
	4297	764.219	635.535
	4298	764.93	636.176
	4299	765.035	636.395
	4300	765.344	636.48
	4301	765.984	636.574
	4302	766.051	637.301
	4303	766.789	637.41
	4304	766.98	637.473
	4305	767.227	638.234
	4306	767.914	638.352
	4307	768.023	638.449
	4308	768.809	638.492
	4309	768.98	639.238
	4310	769.234	639.395
	4311	770	639.434
	4312	770.117	639.535
	4313	770.867	640.258
	4314	771.063	640.375
	4315	771.258	640.449
	4316	772.012	640.563
	4317	772.109	641.348
	4318	772.863	641.398
	4319	773.055	641.441
	4320	773.195	642.25
	4321	773.992	642.348
	4322	774.086	642.43
	4323	774.41	642.496
	4324	775.035	643.316
	4325	775.156	643.395
	4326	775.961	643.445
	4327	776.066	643.547
	4328	776.355	644.359
	4329	777.031	644.395
	4330	777.137	644.465
	4331	777.914	645.285
	4332	778.063	645.375
	4333	778.305	645.449
	4334	779.016	645.457
	4335	779.133	646.391
	4336	779.883	646.395
	4337	780.059	646.449
	4338	780.277	646.535
	4339	781.023	647.395
	4340	781.117	647.395
	4341	781.883	647.469
	4342	782.063	648.395
	4343	782.246	648.414
	4344	783.023	648.438
	4345	783.113	649.449
	4346	783.859	649.453
	4347	784.055	649.395
	4348	784.199	649.461
	4349	785.012	650.488
	4350	785.09	650.484
	4351	785.387	650.445
	4352	786.043	650.449
	4353	787.059	651.535
	4354	788.063	651.535
	4355	789.066	651.465
	4356	790.074	651.461
	4357	791.082	651.457
	4358	792.098	652.598
	4359	793.102	652.563
	4360	794.117	652.48
	4361	795.129	652.473
	4362	796.156	653.445
	4363	797.188	653.652
	4364	798.215	653.578
	4365	799.246	653.492
	4366	800.254	653.5
	4367	801.219	654.52
	4368	802.207	654.762
	4369	803.211	654.641
	4370	804.27	654.555
	4371	805.332	654.523
	4372	806.359	655.531
	4373	807.402	655.766
	4374	808.438	655.664
	4375	809.801	655.566
	4376	810.832	655.516
	4377	811.848	656.559
	4378	812.871	656.785
	4379	813.891	656.707
	4380	814.918	656.625
	4381	815.938	657.379
	4382	816.945	657.609
	4383	817.949	657.813
	4384	818.953	657.723
	4385	819.957	658.18
	4386	820.965	658.418
	4387	821.984	658.68
	4388	822.996	658.855
	4389	824.02	658.738
	4390	825.059	659.211
	4391	826.086	659.469
	4392	827.105	659.746
	4393	828.141	659.883
	4394	829.191	659.754
	4395	830.238	660.262
	4396	831.285	660.512
	4397	832.32	660.793
	4398	833.355	660.895
	4399	834.387	661.016
	4400	835.418	661.309
	4401	836.441	661.547
	4402	837.805	661.82
	4403	838.832	661.895
	4404	839.855	662.074
	4405	840.887	662.352
	4406	841.91	662.57
	4407	842.941	662.848
	4408	843.961	662.895
	4409	844.973	663.137
	4410	845.98	663.395
	4411	846.984	663.629
	4412	847.992	663.887
	4413	849.008	663.898
	4414	850.023	664.191
	4415	851.051	664.445
	4416	852.074	664.699
	4417	853.094	664.895
	4418	854.117	664.91
	4419	855.156	665.238
	4420	856.184	665.484
	4421	857.219	665.754
	4422	858.262	665.895
	4423	859.309	665.953
	4424	860.359	666.281
	4425	861.383	666.527
	4426	862.41	666.797
	4427	863.438	666.895
	4428	864.785	667.023
	4429	865.832	667.359
	4430	866.898	667.566
	4431	867.977	667.82
	4432	869.016	667.895
	4433	870.027	668.078
	4434	871.039	668.363
	4435	872.125	668.148
	4436	873.313	667.895
	4437	874.988	667.891
	4438	876.074	667.734
	4439	877.164	667.543
	4440	878.406	667.34
	4441	880.023	667.074
	4442	881.086	666.895
	4443	882.188	666.895
	4444	883.836	666.672
	4445	885.031	666.473
	4446	886.098	666.297
	4447	887.238	666.027
	4448	888.867	665.895
	4449	890.051	665.852
	4450	891.125	665.664
	4451	892.313	665.465
	4452	893.914	665.258
	4453	895.063	664.996
	4454	896.141	664.895
	4455	897.367	664.836
	4456	898.953	664.582
	4457	900.074	664.395
	4458	901.168	664.227
	4459	902.43	663.813
	4460	904.004	663.895
	4461	905.086	663.809
	4462	906.223	663.578
	4463	907.828	663.367
	4464	909.023	663.172
	4465	910.098	662.781
	4466	911.273	662.895
	4467	912.879	662.746
	4468	914.051	662.527
	4469	915.121	662.355
	4470	916.336	662.148
	4471	917.891	661.77
	4472	919.035	661.895
	4473	920.117	661.77
	4474	921.371	661.535
	4475	922.91	660.543
	4476	924.039	660.625
	4477	925.16	660.77
	4478	926.426	660.883
	4479	927.965	660.684
	4480	929.059	660.492
	4481	930.223	659.57
	4482	931.813	659.629
	4483	933.012	659.719
	4484	934.09	659.852
	4485	935.301	659.664
	4486	936.852	659.441
	4487	938.027	658.535
	4488	939.078	658.605
	4489	940.34	658.711
	4490	941.914	658.797
	4491	943.035	658.59
	4492	944.133	658.422
	4493	945.438	657.527
	4494	946.953	657.559
	4495	948.051	657.672
	4496	949.188	657.77
	4497	950.785	657.551
	4498	951.984	656.465
	4499	953.164	656.531
	4500	954.891	656.633
	4501	956.09	656.625
	4502	957.797	655.488
	4503	959.043	655.52
	4504	960.348	655.66
	4505	962.012	655.563
	4506	963.199	654.5
	4507	964.914	654.527
	4508	966.105	654.66
	4509	967.82	654.531
	4510	969.07	653.473
	4511	970.418	653.52
	4512	972.051	653.613
	4513	973.27	653.492
	4514	974.98	652.473
	4515	976.148	652.512
	4516	977.879	652.59
	4517	979.102	652.449
	4518	980.465	651.5
	4519	982.07	651.496
	4520	983.32	651.578
	4521	985.027	650.453
	4522	986.207	650.477
	4523	987.969	650.496
	4524	989.137	650.539
	4525	990.871	649.461
	4526	992.086	649.434
	4527	993.359	649.441
	4528	995.043	648.516
	4529	996.203	648.469
	4530	997.996	648.395
	4531	999.117	648.395
	4532	1000.84	648.434
	4533	1002.06	647.449
	4534	1003.32	647.457
	4535	1005.03	647.465
	4536	1006.2	647.441
	4537	1007.97	646.441
	4538	1009.11	646.395
	4539	1010.85	646.43
	4540	1012.05	645.484
	4541	1013.32	645.461
	4542	1015.04	645.391
	4543	1016.18	645.422
	4544	1018	644.473
	4545	1019.13	644.453
	4546	1020.97	644.395
	4547	1022.09	644.395
	4548	1023.86	643.488
	4549	1025.06	643.438
	4550	1026.26	643.387
	4551	1028.03	643.305
	4552	1029.13	642.461
	4553	1030.97	642.414
	4554	1032.08	642.395
	4555	1033.41	642.297
	4556	1035.06	641.445
	4557	1036.27	641.426
	4558	1038.04	641.375
	4559	1039.18	641.297
	4560	1040.97	640.457
	4561	1042.11	640.395
	4562	1043.83	640.355
	4563	1045.07	639.582
	4564	1046.34	639.465
	4565	1048.04	639.395
	4566	1049.18	639.375
	4567	1050.9	638.609
	4568	1052.1	638.457
	4569	1053.49	638.418
	4570	1055.05	638.344
	4571	1056.32	637.621
	4572	1057.95	637.469
	4573	1059.03	637.441
	4574	1060.43	637.359
	4575	1061.9	636.617
	4576	1063.28	636.496
	4577	1064.86	636.391
	4578	1066.15	636.289
	4579	1067.84	635.551
	4580	1068.88	635.566
	4581	1069.88	635.594
	4582	1070.89	635.621
	4583	1071.91	636.219
	4584	1072.93	636.238
	4585	1073.96	636.262
	4586	1075	636.277
	4587	1076.03	636.301
	4588	1077.07	636.328
	4589	1078.15	636.355
	4590	1079.23	636.379
	4591	1080.31	636.395
	4592	1081.36	636.414
	4593	1082.41	636.41
	4594	1083.45	636.395
	4595	1084.77	636.379
	4596	1085.81	636.383
	4597	1086.85	636.387
	4598	1087.88	636.391
	4599	1088.89	636.402
	4600	1089.92	636.422
	4601	1090.99	636.438
	4602	1092.07	636.441
	4603	1093.13	636.438
	4604	1094.17	636.438
	4605	1095.22	636.449
	4606	1096.27	636.461
	4607	1097.34	636.469
	4608	1098.4	636.473
	4609	1099.81	636.484
	4610	1100.87	636.504
	4611	1101.92	636.516
	4612	1102.97	636.531
	4613	1104	636.547
	4614	1105.02	636.57
	4615	1106.03	636.59
	4616	1107.04	636.617
	4617	1108.05	636.648
	4618	1109.06	636.68
	4619	1110.09	637.141
	4620	1111.11	637.168
	4621	1112.14	637.195
	4622	1113.18	637.207
	4623	1114.23	637.23
	4624	1115.3	637.254
	4625	1116.38	637.266
	4626	1117.87	637.293
	4627	1118.92	637.309
	4628	1119.97	637.332
	4629	1121	637.336
	4630	1122.02	637.348
	4631	1123.04	637.359
	4632	1124.05	637.371
	4633	1125.07	637.379
	4634	1126.09	637.391
	4635	1127.11	637.395
	4636	1128.12	637.395
	4637	1129.14	637.426
	4638	1130.16	637.434
	4639	1131.2	637.441
	4640	1132.23	637.449
	4641	1133.28	637.461
	4642	1134.34	637.469
	4643	1135.39	637.477
	4644	1136.46	637.496
	4645	1137.47	637.527
	4646	1138.37	637.531
	4647	1139.39	637.543
	4648	1140.44	637.566
	4649	1141.5	637.59
	4650	1142.55	637.629
	4651	1142.29	637.625
	4652	1141.73	637.621
	4653	1141.45	637.617
	4654	1141.13	637.609
	4655	1140.64	637.609
	4656	1140.37	637.621
	4657	1139.97	637.613
	4658	1139.59	637.613
	4659	1139.34	637.617
	4660	1138.83	637.609
	4661	1138.52	637.605
	4662	1138.28	637.598
	4663	1137.71	637.59
	4664	1137.44	637.598
	4665	1137.13	637.59
	4666	1136.63	637.586
	4667	1136.36	637.602
	4668	1135.95	637.586
	4669	1135.57	637.586
	4670	1135.34	637.594
	4671	1134.8	637.578
	4672	1134.5	637.586
	4673	1134.26	637.582
	4674	1133.69	637.574
	4675	1133.43	637.59
	4676	1133.11	637.578
	4677	1132.62	637.574
	4678	1132.36	637.594
	4679	1131.95	637.574
	4680	1131.56	637.578
	4681	1131.34	637.59
	4682	1130.8	637.57
	4683	1130.51	637.578
	4684	1130.26	637.574
	4685	1129.68	637.566
	4686	1129.43	637.582
	4687	1129.12	637.57
	4688	1128.61	637.57
	4689	1128.35	637.59
	4690	1127.94	637.57
	4691	1127.56	637.578
	4692	1127.34	637.586
	4693	1126.8	637.578
	4694	1126.5	637.59
	4695	1126.27	637.59
	4696	1125.7	637.582
	4697	1125.43	637.594
	4698	1125.12	637.578
	4699	1124.62	637.578
	4700	1124.36	637.594
	4701	1123.98	637.582
	4702	1123.58	637.586
	4703	1123.34	637.594
	4704	1122.83	637.582
	4705	1122.53	637.586
	4706	1122.28	637.578
	4707	1121.72	637.578
	4708	1121.45	637.582
	4709	1121.13	637.574
	4710	1120.64	637.578
	4711	1120.38	637.59
	4712	1119.97	637.582
	4713	1119.6	637.59
	4714	1119.34	637.598
	4715	1118.84	637.59
	4716	1118.55	637.598
	4717	1118.29	637.598
	4718	1117.75	637.602
	4719	1117.49	637.605
	4720	1117.17	637.602
	4721	1116.67	637.609
	4722	1116.41	637.613
	4723	1116	637.609
	4724	1115.61	637.613
	4725	1115.34	637.625
	4726	1114.86	637.629
	4727	1114.55	637.625
	4728	1114.45	637.613
	4729	1114.34	637.617
	4730	1114.24	637.602
	4731	1114	637.566
	4732	1113.79	637.543
	4733	1113.66	637.527
	4734	1113.59	637.527
	4735	1113.49	637.527
	4736	1113.39	637.527
	4737	1113.29	637.523
	4738	1113.09	637.516
	4739	1112.87	637.508
	4740	1112.71	637.488
	4741	1112.62	637.461
	4742	1112.54	637.449
	4743	1112.43	637.449
	4744	1112.34	637.445
	4745	1112.2	637.449
	4746	1111.97	637.453
	4747	1111.79	637.449
	4748	1111.67	637.434
	4749	1111.59	637.414
	4750	1111.48	637.418
	4751	1111.37	637.418
	4752	1111.29	637.414
	4753	1111.09	637.418
	4754	1110.84	637.422
	4755	1110.71	637.406
	4756	1110.62	637.391
	4757	1110.53	637.379
	4758	1110.42	637.383
	4759	1110.34	637.379
	4760	1110.22	637.383
	4761	1109.98	637.387
	4762	1109.79	637.379
	4763	1109.67	637.363
	4764	1109.6	637.344
	4765	1109.48	637.34
	4766	1109.36	637.336
	4767	1109.32	637.32
	4768	1109.13	637.316
	4769	1108.89	637.309
	4770	1108.73	637.289
	4771	1108.62	637.254
	4772	1108.54	637.234
	4773	1108.41	637.219
	4774	1108.34	637.203
	4775	1108.25	637.188
	4776	1108.01	637.18
	4777	1107.8	637.164
	4778	1107.67	637.129
	4779	1107.59	637.09
	4780	1107.47	637.074
	4781	1107.35	637.047
	4782	1107.34	637.016
	4783	1107.14	637.004
	4784	1106.89	636.988
	4785	1106.74	636.965
	4786	1106.64	636.934
	4787	1106.55	636.902
	4788	1106.43	636.887
	4789	1106.34	636.863
	4790	1106.32	636.852
	4791	1106.14	636.84
	4792	1105.98	636.848
	4793	1105.85	636.84
	4794	1105.75	636.82
	4795	1105.68	636.797
	4796	1105.55	636.781
	4797	1105.39	636.766
	4798	1105.24	636.738
	4799	1105	636.723
	4800	1104.81	636.695
	4801	1104.68	636.664
	4802	1104.58	636.641
	4803	1104.93	636.594
	4804	1105.41	636.547
	4805	1105.69	636.527
	4806	1106.28	636.48
	4807	1106.58	636.438
	4808	1107.02	636.445
	4809	1107.46	636.426
	4810	1107.78	636.426
	4811	1108.34	636.41
	4812	1108.63	636.395
	4813	1109.21	636.375
	4814	1109.54	636.336
	4815	1109.92	636.332
	4816	1110.38	636.277
	4817	1110.71	636.238
	4818	1111.34	636.16
	4819	1111.58	636.094
	4820	1112.09	636.02
	4821	1112.45	635.926
	4822	1112.8	635.848
	4823	1113.34	635.762
	4824	1113.63	635.688
	4825	1114.22	635.637
	4826	1114.52	635.586
	4827	1114.91	635.539
	4828	1115.38	635.527
	4829	1115.69	635.523
	4830	1116.3	635.473
	4831	1116.57	635.438
	4832	1117.06	635.441
	4833	1117.46	635.418
	4834	1117.8	635.418
	4835	1118.34	635.391
	4836	1118.64	635.367
	4837	1118.59	635.336
	4838	1118.54	635.305
	4839	1118.46	635.277
	4840	1118.37	635.238
	4841	1118.34	635.18
	4842	1118.34	635.113
	4843	1118.25	635.051
	4844	1118.1	634.977
	4845	1117.93	634.895
	4846	1117.8	634.813
	4847	1117.7	634.73
	4848	1117.62	634.664
	4849	1117.57	634.617
	4850	1117.52	634.574
	4851	1117.45	634.547
	4852	1117.38	634.527
	4853	1117.34	634.5
	4854	1117.28	634.469
	4855	1117.17	634.445
	4856	1117.03	634.434
	4857	1116.88	634.422
	4858	1116.77	634.406
	4859	1116.68	634.383
	4860	1116.61	634.359
	4861	1116.56	634.328
	4862	1116.51	634.297
	4863	1116.43	634.27
	4864	1116.35	634.234
	4865	1116.34	634.176
	4866	1116.31	634.105
	4867	1116.2	634.027
	4868	1116.04	633.961
	4869	1115.87	633.879
	4870	1115.76	633.785
	4871	1115.67	633.703
	4872	1115.59	633.645
	4873	1115.54	633.594
	4874	1115.48	633.559
	4875	1115.04	633.531
	4876	1114.51	633.531
	4877	1114.12	633.527
	4878	1113.54	633.527
	4879	1113.19	633.527
	4880	1112.55	633.512
	4881	1112.25	633.508
	4882	1111.59	633.488
	4883	1111.29	633.48
	4884	1110.61	633.469
	4885	1110.32	633.457
	4886	1109.64	633.445
	4887	1109.34	633.426
	4888	1108.68	633.426
	4889	1108.34	633.414
	4890	1107.73	633.414
	4891	1107.38	633.398
	4892	1106.8	633.402
	4893	1106.41	633.387
	4894	1105.88	633.391
	4895	1105.45	633.371
	4896	1104.95	633.379
	4897	1104.48	633.355
	4898	1104.05	633.367
	4899	1103.52	633.344
	4900	1103.14	633.352
	4901	1102.54	633.324
	4902	1102.2	633.328
	4903	1101.56	633.309
	4904	1101.28	633.309
	4905	1100.59	633.297
	4906	1100.34	633.285
	4907	1099.63	633.273
	4908	1099.34	633.266
	4909	1098.67	633.258
	4910	1099.6	633.277
	4911	1100.54	633.301
	4912	1101.48	633.324
	4913	1102.41	633.344
	4914	1103.35	633.363
	4915	1104.34	633.383
	4916	1105.24	633.402
	4917	1106.09	633.426
	4918	1106.93	633.465
	4919	1107.78	633.496
	4920	1108.68	633.527
	4921	1109.6	633.527
	4922	1110.54	633.551
	4923	1111.49	633.602
	4924	1112.42	633.656
	4925	1113.34	633.723
	4926	1114.34	633.801
	4927	1115.31	633.879
	4928	1116.18	633.965
	4929	1117	634.027
	4930	1117.84	634.145
	4931	1118.73	634.199
	4932	1119.64	634.246
	4933	1120.58	634.277
	4934	1121.53	634.301
	4935	1122.46	634.336
	4936	1123.39	634.363
	4937	1124.34	634.387
	4938	1125.32	634.406
	4939	1126.21	634.426
	4940	1127.06	634.445
	4941	1127.91	634.465
	4942	1128.78	634.496
	4943	1129.69	634.527
	4944	1130.62	634.527
	4945	1131.58	634.547
	4946	1132.53	634.59
	4947	1131.77	634.711
	4948	1131.28	634.875
	4949	1130.47	635.063
	4950	1129.7	635.227
	4951	1129.13	635.324
	4952	1128.41	635.371
	4953	1127.64	635.41
	4954	1126.97	635.449
	4955	1126.35	635.496
	4956	1125.58	635.543
	4957	1124.87	635.641
	4958	1124.34	635.773
	4959	1123.54	635.957
	4960	1122.79	636.152
	4961	1122.28	636.266
	4962	1121.48	636.332
	4963	1120.7	636.398
	4964	1120.15	636.43
	4965	1119.42	636.453
	4966	1118.63	636.527
	4967	1118.04	636.578
	4968	1117.35	636.707
	4969	1116.6	636.863
	4970	1115.93	637.027
	4971	1115.34	637.207
	4972	1114.56	637.297
	4973	1113.8	637.379
	4974	1113.29	637.406
	4975	1112.5	637.426
	4976	1111.71	637.508
	4977	1111.2	637.543
	4978	1110.43	637.656
	4979	1109.66	637.801
	4980	1109.11	637.996
	4981	1108.36	638.168
	4982	1107.62	638.293
	4983	1106.95	638.375
	4984	1106.34	638.402
	4985	1105.61	638.43
	4986	1104.89	638.488
	4987	1104.39	638.574
	4988	1103.69	638.672
	4989	1104.49	638.594
	4990	1105.05	638.48
	4991	1105.79	638.445
	4992	1106.6	638.434
	4993	1107.24	638.387
	4994	1107.88	638.328
	4995	1108.69	638.191
	4996	1109.41	638.016
	4997	1110.01	637.828
	4998	1110.75	637.676
	4999	1111.55	637.563
	5000	1112.14	637.504
	5001	1112.81	637.457
	5002	1113.63	637.438
	5003	1114.32	637.402
	5004	1114.92	637.363
	5005	1115.69	637.234
	5006	1116.43	637.082
	5007	1117.07	636.902
	5008	1117.75	636.734
	5009	1118.55	636.605
	5010	1119.22	636.547
	5011	1119.82	636.473
	5012	1120.64	636.441
	5013	1121.38	636.418
	5014	1121.97	636.383
	5015	1122.72	636.27
	5016	1123.48	636.125
	5017	1124.19	635.938
	5018	1124.8	635.77
	5019	1125.61	635.629
	5020	1126.32	635.566
	5021	1126.91	635.484
	5022	1127.7	635.445
	5023	1128.47	635.434
	5024	1129.08	635.395
	5025	1129.76	635.309
	5026	1130.54	635.18
	5027	1131.28	634.992
	5028	1131.82	634.816
	5029	1132.59	634.641
	5030	1132.56	634.633
	5031	1132.57	634.629
	5032	1132.56	634.621
	5033	1132.56	634.617
	5034	1132.57	634.613
	5035	1132.57	634.613
	5036	1132.56	634.613
	5037	1132.56	634.613
	5038	1132.55	634.609
	5039	1132.55	634.605
	5040	1132.54	634.602
	5041	1132.54	634.598
	5042	1132.54	634.598
	5043	1132.54	634.598
	5044	1132.54	634.594
	5045	1132.54	634.594
	5046	1132.54	634.594
	5047	1132.54	634.594
	5048	1132.54	634.594
	5049	1132.54	634.594
	5050	1132.53	634.594
	5051	1132.54	634.594
	5052	1132.53	634.594
	5053	1132.53	634.59
	5054	1132.53	634.594
	5055	1132.53	634.594
	5056	1132.53	634.594
	5057	1132.53	634.594
	5058	1132.53	634.598
	5059	1132.53	634.602
	5060	1132.53	634.602
	5061	1132.54	634.605
	5062	1132.53	634.605
	5063	1132.53	634.605
	5064	1132.53	634.605
	5065	1132.53	634.605
	5066	1132.53	634.605
	5067	1132.53	634.605
	5068	1132.53	634.602
	5069	1132.53	634.602
	5070	1132.53	634.598
	5071	1132.53	634.594
	5072	1132.53	634.594
	5073	1132.53	634.59
	5074	1132.53	634.594
	5075	1132.53	634.594
	5076	1132.53	634.594
	5077	1132.53	634.594
	5078	1132.53	634.594
	5079	1132.53	634.594
	5080	1132.53	634.598
	5081	1132.53	634.594
	5082	1132.53	634.594
	5083	1132.53	634.594
	5084	1132.53	634.594
	5085	1132.53	634.594
	5086	1132.53	634.59
	5087	1132.53	634.59
	5088	1132.52	634.59
	5089	1132.52	634.59
	5090	1132.52	634.59
	5091	1132.52	634.59
	5092	1132.52	634.59
	5093	1132.52	634.59
	5094	1132.52	634.59
	5095	1132.52	634.59
	5096	1132.52	634.59
	5097	1132.52	634.59
	5098	1132.52	634.59
	5099	1132.52	634.59
	5100	1132.51	634.582
	5101	1131.59	634.527
	5102	1130.7	634.527
	5103	1129.88	634.469
	5104	1129.13	634.434
	5105	1128.33	634.406
	5106	1127.39	634.383
	5107	1126.51	634.344
	5108	1125.6	634.309
	5109	1124.71	634.277
	5110	1123.91	634.207
	5111	1123.19	634.102
	5112	1122.34	633.98
	5113	1121.37	633.867
	5114	1120.5	633.746
	5115	1119.58	633.656
	5116	1118.71	633.582
	5117	1117.9	633.527
	5118	1117.15	633.527
	5119	1116.33	633.473
	5120	1115.39	633.422
	5121	1114.5	633.387
	5122	1113.59	633.371
	5123	1112.72	633.355
	5124	1111.92	633.32
	5125	1111.2	633.266
	5126	1110.34	633.199
	5127	1109.38	633.109
	5128	1108.5	633
	5129	1107.6	632.891
	5130	1106.73	632.781
	5131	1105.94	632.688
	5132	1105.22	632.621
	5133	1104.34	632.57
	5134	1103.4	632.535
	5135	1102.51	632.484
	5136	1101.59	632.441
	5137	1100.73	632.418
	5138	1099.93	632.379
	5139	1099.21	632.348
	5140	1098.34	632.313
	5141	1097.39	632.273
	5142	1096.52	632.207
	5143	1095.61	632.133
	5144	1094.75	632.043
	5145	1093.98	631.926
	5146	1093.26	631.813
	5147	1092.34	631.723
	5148	1091.41	631.652
	5149	1090.52	631.578
	5150	1089.61	631.527
	5151	1088.75	631.527
	5152	1087.96	631.48
	5153	1087.23	631.434
	5154	1086.34	631.391
	5155	1085.41	631.355
	5156	1084.53	631.32
	5157	1083.62	631.297
	5158	1082.77	631.258
	5159	1082	631.199
	5160	1081.27	631.125
	5161	1080.34	631.039
	5162	1079.4	630.941
	5163	1078.54	630.832
	5164	1079.43	630.473
	5165	1080.34	630.246
	5166	1081.29	629.711
	5167	1082.02	629.426
	5168	1082.8	629.125
	5169	1083.64	628.586
	5170	1084.55	628.344
	5171	1085.43	627.945
	5172	1086.34	627.543
	5173	1087.3	627.305
	5174	1088.09	626.805
	5175	1088.81	626.484
	5176	1089.67	626.211
	5177	1090.57	625.68
	5178	1091.47	625.398
	5179	1092.34	625.105
	5180	1093.34	624.648
	5181	1094.13	624.367
	5182	1094.87	623.969
	5183	1095.69	623.523
	5184	1096.57	623.25
	5185	1097.48	622.738
	5186	1098.46	622.867
	5187	1099.43	623.051
	5188	1100.4	623.207
	5189	1101.38	623.316
	5190	1102.36	623.391
	5191	1103.34	623.465
	5192	1104.34	623.555
	5193	1105.34	623.621
	5194	1106.34	623.738
	5195	1107.34	623.871
	5196	1108.3	624.055
	5197	1109.24	624.219
	5198	1110.18	624.332
	5199	1111.13	624.41
	5200	1112.07	624.496
	5201	1113.01	624.543
	5202	1113.97	624.648
	5203	1114.92	624.797
	5204	1115.87	624.934
	5205	1116.82	625.113
	5206	1117.79	625.262
	5207	1118.75	625.359
	5208	1119.73	625.445
	5209	1120.78	625.527
	5210	1121.83	625.637
	5211	1122.75	625.656
	5212	1123.64	625.82
	5213	1124.63	625.965
	5214	1125.62	626.148
	5215	1126.6	626.285
	5216	1127.57	626.352
	5217	1128.55	626.426
	5218	1129.53	626.512
	5219	1130.5	626.578
	5220	1131.47	626.668
	5221	1132.44	626.801
	5222	1133.4	626.941
	5223	1134.38	627.113
	5224	1135.35	627.262
	5225	1136.34	627.355
	5226	1137.34	627.426
	5227	1138.3	627.52
	5228	1139.28	627.57
	5229	1140.26	627.688
	5230	1141.23	627.855
	5231	1142.18	628.027
	5232	1143.12	628.199
	5233	1144.07	628.316
	5234	1145.03	628.387
	5235	1146.01	628.469
	5236	1147	628.527
	5237	1147.99	628.578
	5238	1148.94	628.648
	5239	1149.84	628.805
	5240	1150.81	628.988
	5241	1151.78	629.18
	5242	1152.76	629.309
	5243	1153.73	629.371
	5244	1154.7	629.438
	5245	1155.68	629.516
	5246	1156.67	629.57
	5247	1157.65	629.652
	5248	1158.62	629.797
	5249	1157.54	629.672
	5250	1156.46	629.59
	5251	1155.38	629.527
	5252	1154.33	629.449
	5253	1153.24	629.379
	5254	1152.09	629.332
	5255	1150.95	629.266
	5256	1149.84	629.145
	5257	1148.77	628.973
	5258	1147.69	628.789
	5259	1146.64	628.633
	5260	1145.6	628.527
	5261	1144.53	628.469
	5262	1143.45	628.383
	5263	1142.36	628.324
	5264	1141.34	628.184
	5265	1140.3	628.02
	5266	1139.18	627.855
	5267	1138.02	627.723
	5268	1136.87	627.598
	5269	1135.77	627.527
	5270	1134.69	627.484
	5271	1133.63	627.391
	5272	1132.59	627.313
	5273	1131.52	627.203
	5274	1130.45	627.051
	5275	1129.37	626.883
	5276	1128.34	626.746
	5277	1127.32	626.629
	5278	1126.2	626.551
	5279	1125.06	626.5
	5280	1123.92	626.426
	5281	1122.83	626.367
	5282	1121.76	626.293
	5283	1120.71	626.16
	5284	1119.67	626.008
	5285	1118.64	625.898
	5286	1118.77	625.961
	5287	1118.96	625.988
	5288	1119.25	625.992
	5289	1119.39	626.008
	5290	1119.59	626.023
	5291	1119.72	626.039
	5292	1119.84	626.082
	5293	1120.08	626.094
	5294	1120.37	626.102
	5295	1120.57	626.129
	5296	1120.73	626.137
	5297	1120.84	626.148
	5298	1120.99	626.176
	5299	1121.21	626.188
	5300	1121.48	626.203
	5301	1121.66	626.219
	5302	1121.78	626.219
	5303	1121.87	626.242
	5304	1122.04	626.27
	5305	1122.27	626.277
	5306	1122.5	626.297
	5307	1122.68	626.309
	5308	1122.78	626.309
	5309	1122.89	626.324
	5310	1123.07	626.332
	5311	1125.47	626.398
	5312	1127.72	626.496
	5313	1129.89	626.543
	5314	1132.23	626.75
	5315	1134.56	626.934
	5316	1136.8	627.082
	5317	1139.01	627.258
	5318	1141.44	627.336
	5319	1143.71	627.406
	5320	1145.86	627.527
	5321	1148.16	627.594
	5322	1150.57	627.781
	5323	1152.79	627.988
	5324	1152.55	628.059
	5325	1152.09	628.117
	5326	1151.82	628.148
	5327	1151.65	628.219
	5328	1151.39	628.242
	5329	1150.92	628.289
	5330	1150.75	628.313
	5331	1150.5	628.348
	5332	1150.05	628.371
	5333	1149.79	628.375
	5334	1149.64	628.41
	5335	1149.19	628.438
	5336	1148.84	628.473
	5337	1148.71	628.527
	5338	1148.44	628.527
	5339	1147.94	628.527
	5340	1147.76	628.563
	5341	1147.55	628.605
	5342	1147.1	628.688
	5343	1146.8	628.754
	5344	1146.67	628.824
	5345	1146.27	628.91
	5346	1145.89	628.984
	5347	1145.74	629.043
	5348	1145.47	629.094
	5349	1145.01	629.152
	5350	1144.79	629.195
	5351	1144.59	629.246
	5352	1144.14	629.281
	5353	1143.82	629.297
	5354	1143.69	629.34
	5355	1143.4	629.352
	5356	1142.89	629.383
	5357	1142.74	629.402
	5358	1142.48	629.426
	5359	1142	629.473
	5360	1141.78	629.508
	5361	1141.6	629.527
	5362	1141.14	629.527
	5363	1140.82	629.559
	5364	1140.7	629.598
	5365	1140.4	629.672
	5366	1139.9	629.742
	5367	1141.64	629.527
	5368	1143.02	629.457
	5369	1144.73	629.359
	5370	1146.19	629.254
	5371	1147.79	629.027
	5372	1149.43	628.801
	5373	1150.83	628.578
	5374	1152.48	628.512
	5375	1153.88	628.398
	5376	1155.59	628.297
	5377	1157.03	628.105
	5378	1158.7	627.887
	5379	1160.22	627.68
	5380	1161.77	627.527
	5381	1163.42	627.406
	5382	1164.84	627.328
	5383	1166.55	627.172
	5384	1168	626.949
	5385	1169.69	626.695
	5386	1171.13	626.527
	5387	1172.76	626.434
	5388	1174.39	626.344
	5389	1175.81	626.238
	5390	1177.38	626.039
	5391	1178.79	625.82
	5392	1180.39	625.598
	5393	1181.83	625.492
	5394	1183.48	625.359
	5395	1185.07	625.262
	5396	1186.65	625.016
	5397	1188.32	624.828
	5398	1189.75	624.621
	5399	1191.45	624.527
	5400	1192.89	624.406
	5401	1194.58	624.316
	5402	1196.06	624.188
	5403	1197.69	623.969
	5404	1197.71	623.977
	5405	1197.7	623.977
	5406	1197.79	623.992
	5407	1197.79	623.992
	5408	1197.79	623.992
	5409	1197.79	623.992
	5410	1197.79	623.992
	5411	1197.79	623.992
	5412	1197.79	623.992
	5413	1197.79	623.992
	5414	1197.79	623.992
	5415	1197.79	623.992
	5416	1197.79	623.992
	5417	1197.79	623.992
	5418	1197.79	623.992
	5419	1197.79	623.992
	5420	1197.79	623.992
	5421	1197.79	623.992
	5422	1197.79	623.992
	5423	1197.79	623.992
	5424	1197.79	623.992
	5425	1197.79	623.992
	5426	1197.79	623.992
	5427	1197.79	623.992
	5428	1197.79	623.992
	5429	1197.79	623.992
	5430	1197.79	623.992
	5431	1197.79	623.992
	5432	1197.79	623.992
	5433	1197.79	623.992
	5434	1197.79	623.992
	5435	1197.79	623.992

Motion Trackers	Tracker #2	Track Point #2	Feature Center
	Frame	X pixels	Y pixels
	280	727	478.5
	281	726.875	478.625
	282	726.871	478.625
	283	726.871	478.621
	284	726.871	478.617
	285	726.871	478.613
	286	726.867	478.613
	287	726.863	478.613
	288	726.859	478.613
	289	726.859	478.617
	290	726.852	478.617
	291	726.844	478.625
	292	726.84	478.625
	293	726.836	478.625
	294	726.828	478.625
	295	726.828	478.625
	296	726.82	478.625
	297	726.824	478.625
	298	726.82	478.625
	299	726.824	478.625
	300	726.82	478.625
	301	726.816	478.625
	302	726.816	478.625
	303	726.82	478.625
	304	726.82	478.625
	305	726.813	478.625
	306	726.805	478.625
	307	726.809	478.625
	308	726.809	478.625
	309	726.809	478.625
	310	726.809	478.625
	311	726.684	478.75
	312	726.684	478.75
	313	726.684	478.75
	314	726.684	478.75
	315	726.68	478.75
	316	726.68	478.75
	317	726.68	478.75
	318	726.68	478.75
	319	726.68	478.75
	320	726.68	478.75
	321	726.676	478.75
	322	726.676	478.75
	323	726.68	478.75
	324	726.676	478.75
	325	726.676	478.75
	326	726.676	478.75
	327	726.676	478.75
	328	726.676	478.75
	329	726.672	478.75
	330	726.672	478.75
	331	726.672	478.75
	332	726.672	478.75
	333	726.668	478.75
	334	726.668	478.75
	335	726.668	478.75
	336	726.668	478.75
	337	726.668	478.75
	338	726.664	478.75
	339	726.664	478.75
	340	726.664	478.75
	341	726.664	478.75
	342	726.664	478.754
	343	726.664	478.754
	344	726.664	478.754
	345	726.664	478.754
	346	726.664	478.754
	347	726.664	478.754
	348	726.664	478.754
	349	726.664	478.754
	350	726.664	478.754
	351	726.664	478.754
	352	726.664	478.754
	353	726.668	478.754
	354	726.668	478.754
	355	726.668	478.754
	356	726.668	478.754
	357	726.668	478.754
	358	726.668	478.754
	359	726.668	478.754
	360	726.668	478.758
	361	726.668	478.758
	362	726.668	478.754
	363	726.672	478.75
	364	726.672	478.75
	365	726.672	478.75
	366	726.672	478.75
	367	726.672	478.75
	368	726.672	478.75
	369	726.672	478.75
	370	726.672	478.75
	371	726.672	478.75
	372	726.672	478.75
	373	726.672	478.75
	374	726.672	478.75
	375	726.672	478.75
	376	726.672	478.75
	377	726.672	478.75
	378	726.672	478.75
	379	726.672	478.75
	380	726.672	478.75
	381	726.672	478.75
	382	726.672	478.75
	383	726.672	478.75
	384	726.672	478.75
	385	726.672	478.75
	386	726.672	478.75
	387	726.672	478.75
	388	726.672	478.75
	389	726.672	478.75
	390	726.672	478.75
	391	726.672	478.75
	392	726.672	478.75
	393	726.672	478.75
	394	726.672	478.75
	395	726.672	478.75
	396	726.672	478.75
	397	726.668	478.75
	398	726.668	478.75
	399	726.668	478.75
	400	726.668	478.75
	401	726.668	478.75
	402	726.668	478.75
	403	726.668	478.75
	404	726.668	478.75
	405	726.668	478.75
	406	726.668	478.75
	407	726.668	478.75
	408	726.668	478.75
	409	726.668	478.75
	410	726.668	478.75
	411	726.668	478.75
	412	726.668	478.75
	413	726.668	478.75
	414	726.668	478.75
	415	726.668	478.75
	4152	726.668	478.75
	4153	726.543	478.875
	4154	726.543	478.875
	4155	726.543	478.875
	4156	726.543	478.875
	4157	726.543	478.875
	4158	726.543	478.875
	4159	726.543	478.875
	4160	726.543	478.879
	4161	726.543	478.879
	4162	726.543	478.875
	4163	726.543	478.875
	4164	726.543	478.875
	4165	726.543	478.875
	4166	726.539	478.879
	4167	726.539	478.875
	4168	726.543	478.875
	4169	726.543	478.875
	4170	726.543	478.875
	4171	726.543	478.875
	4172	726.543	478.875
	4173	726.543	478.875
	4174	726.539	478.875
	4175	726.539	478.875
	4176	726.539	478.875
	4177	726.543	478.875
	4178	726.543	478.875
	4179	726.543	478.875
	4180	726.691	478.109
	4181	727.164	477.789
	4182	727.516	476.883
	4183	727.629	476.277
	4184	728.008	475.832
	4185	728.465	474.902
	4186	728.594	474.418
	4187	728.871	473.848
	4188	729.359	472.945
	4189	729.551	472.527
	4190	729.77	471.875
	4191	730.227	470.996
	4192	730.527	470.613
	4193	730.703	469.875
	4194	731.113	469.063
	4195	731.496	468.668
	4196	731.652	467.887
	4197	731.988	467.148
	4198	732.43	466.691
	4199	732.617	465.93
	4200	732.867	465.258
	4201	733.328	464.711
	4202	733.574	463.969
	4203	733.758	463.375
	4204	734.184	462.742
	4205	734.504	462.02
	4206	734.691	461.469
	4207	735.043	460.793
	4208	735.449	460.098
	4209	735.641	459.555
	4210	735.891	458.926
	4211	736.336	458.227
	4212	736.605	457.559
	4213	736.805	456.848
	4214	737.227	456.184
	4215	737.57	455.551
	4216	737.738	454.883
	4217	738.125	454.246
	4218	738.492	453.57
	4219	738.699	452.938
	4220	739.043	452.344
	4221	739.457	451.617
	4222	739.652	451.023
	4223	739.984	450.398
	4224	740.418	449.652
	4225	740.625	449.141
	4226	740.906	448.414
	4227	741.348	447.715
	4228	741.617	447.199
	4229	741.785	446.43
	4230	742.199	445.738
	4231	742.461	445.27
	4232	742.691	444.469
	4233	743.031	443.77
	4234	743.406	443.328
	4235	743.656	442.535
	4236	743.891	441.996
	4237	744.328	441.395
	4238	744.633	440.613
	4239	744.801	440.137
	4240	745.215	439.375
	4241	745.477	438.523
	4242	745.75	438.191
	4243	746.148	437.316
	4244	746.453	436.543
	4245	746.719	436.289
	4246	747.066	435.363
	4247	747.426	434.621
	4248	747.703	434.313
	4249	747.965	433.387
	4250	748.352	432.629
	4251	748.66	432.313
	4252	748.859	431.41
	4253	749.27	430.613
	4254	749.445	430.32
	4255	749.797	429.438
	4256	750.137	429.195
	4257	750.43	428.32
	4258	750.754	427.465
	4259	751.043	427.27
	4260	751.379	426.316
	4261	751.719	425.477
	4262	751.969	425.277
	4263	752.316	424.316
	4264	752.707	423.473
	4265	752.883	423.293
	4266	753.219	422.328
	4267	753.652	421.418
	4268	753.781	421.297
	4269	754.105	420.328
	4270	754.426	419.336
	4271	754.715	419.301
	4272	754.969	418.309
	4273	755.367	417.371
	4274	755.676	417.309
	4275	755.891	416.281
	4276	756.238	416.273
	4277	756.66	415.309
	4278	756.809	414.211
	4279	757.145	414.273
	4280	757.43	413.289
	4281	757.754	412.098
	4282	758.07	411.375
	4283	758.406	411.242
	4284	758.746	411.273
	4285	759.176	411.273
	4286	759.656	411.281
	4287	759.879	411.277
	4288	760.414	410.375
	4289	760.754	410.285
	4290	761.168	410.125
	4291	761.676	410.027
	4292	761.914	409.977
	4293	762.383	409.777
	4294	762.738	410.063
	4295	763.117	410.121
	4296	763.648	410.172
	4297	763.918	410.238
	4298	764.328	410.25
	4299	764.75	410.281
	4300	765.18	410.277
	4301	765.695	410.266
	4302	765.938	409.348
	4303	766.367	409.176
	4304	766.758	409.051
	4305	767.18	409.008
	4306	767.672	408.797
	4307	767.898	408.816
	4308	768.348	408.797
	4309	768.73	409.043
	4310	769.113	409.121
	4311	769.41	409.18
	4312	769.809	409.23
	4313	770.25	409.234
	4314	770.711	409.25
	4315	771	408.332
	4316	771.406	408.191
	4317	771.789	408.074
	4318	772.203	408.02
	4319	772.699	407.969
	4320	772.949	407.813
	4321	773.375	407.785
	4322	773.766	407.789
	4323	774.152	407.738
	4324	774.684	407.664
	4325	774.891	408.152
	4326	775.301	408.203
	4327	775.746	408.238
	4328	776.098	407.273
	4329	776.672	407.152
	4330	776.863	407.086
	4331	777.285	407.012
	4332	777.738	406.973
	4333	778.02	406.785
	4334	778.422	406.773
	4335	778.809	406.797
	4336	779.223	406.711
	4337	779.723	406.672
	4338	779.969	406.605
	4339	780.398	406.504
	4340	780.77	406.461
	4341	781.18	406.32
	4342	781.684	406.215
	4343	781.887	406.133
	4344	782.344	406.043
	4345	782.738	405.984
	4346	783.066	405.824
	4347	783.645	405.785
	4348	783.82	405.809
	4349	784.273	405.762
	4350	784.707	405.711
	4351	784.961	405.676
	4352	785.449	405.57
	4353	786.633	405.441
	4354	787.668	405.297
	4355	788.703	405.148
	4356	789.723	405.047
	4357	790.73	404.801
	4358	791.746	404.793
	4359	792.766	404.758
	4360	793.785	404.684
	4361	794.813	404.582
	4362	795.848	404.473
	4363	796.887	404.375
	4364	797.93	404.164
	4365	798.965	404.055
	4366	800	403.961
	4367	801.035	403.816
	4368	802.074	403.77
	4369	803.105	403.68
	4370	804.133	403.578
	4371	805.172	403.449
	4372	806.215	403.289
	4373	807.258	403.141
	4374	808.301	403.043
	4375	809.348	402.828
	4376	810.383	402.809
	4377	811.414	402.746
	4378	812.676	402.617
	4379	813.691	402.512
	4380	814.711	402.375
	4381	815.734	402.203
	4382	816.758	402.063
	4383	817.777	401.973
	4384	818.781	401.805
	4385	819.785	401.793
	4386	820.797	401.742
	4387	821.813	401.68
	4388	822.832	401.543
	4389	823.855	401.406
	4390	824.883	401.246
	4391	825.91	401.105
	4392	826.941	401.004
	4393	827.973	400.914
	4394	829	400.832
	4395	830.027	400.781
	4396	831.043	400.664
	4397	832.059	400.539
	4398	833.098	400.375
	4399	834.145	400.223
	4400	835.184	400.09
	4401	836.23	399.973
	4402	837.277	399.852
	4403	838.32	399.832
	4404	839.363	399.75
	4405	840.402	399.613
	4406	841.672	399.453
	4407	842.695	399.309
	4408	843.715	399.148
	4409	844.742	399.031
	4410	845.77	398.922
	4411	846.781	398.828
	4412	847.785	398.844
	4413	848.797	398.75
	4414	849.813	398.633
	4415	850.836	398.516
	4416	851.859	398.379
	4417	852.891	398.219
	4418	853.918	398.098
	4419	854.953	397.973
	4420	855.984	397.891
	4421	857.016	397.875
	4422	858.043	397.777
	4423	859.059	397.648
	4424	860.07	397.516
	4425	861.09	397.352
	4426	862.125	397.184
	4427	863.172	397.07
	4428	864.211	396.938
	4429	865.258	396.875
	4430	866.305	396.82
	4431	867.352	396.691
	4432	868.395	396.57
	4433	869.672	396.406
	4434	870.695	396.242
	4435	871.82	396.508
	4436	873.023	396.699
	4437	874.238	396.813
	4438	875.746	396.859
	4439	876.859	396.977
	4440	878.059	397.168
	4441	879.316	397.305
	4442	880.781	397.469
	4443	881.898	397.684
	4444	883.074	397.844
	4445	884.387	397.875
	4446	885.785	397.957
	4447	886.953	398.176
	4448	888.145	398.359
	4449	889.676	398.457
	4450	890.805	398.676
	4451	892	398.875
	4452	893.227	398.883
	4453	894.715	398.938
	4454	895.832	399.16
	4455	897.027	399.402
	4456	898.297	399.52
	4457	899.754	399.637
	4458	900.867	399.855
	4459	902.055	399.91
	4460	903.367	399.984
	4461	904.773	400.109
	4462	905.91	400.375
	4463	907.125	400.547
	4464	908.66	400.629
	4465	909.789	400.809
	4466	910.953	400.91
	4467	912.199	401.012
	4468	913.699	401.082
	4469	914.809	401.375
	4470	915.988	401.566
	4471	917.266	401.691
	4472	918.734	401.75
	4473	919.836	401.844
	4474	921.023	402.043
	4475	922.34	402.129
	4476	923.758	402.301
	4477	924.871	402.555
	4478	926.078	402.73
	4479	927.41	402.77
	4480	928.773	402.809
	4481	929.945	403.063
	4482	931.16	403.176
	4483	932.676	403.277
	4484	933.805	403.547
	4485	935.012	403.758
	4486	936.25	403.801
	4487	937.73	403.785
	4488	938.852	404.031
	4489	940.055	404.199
	4490	941.332	404.332
	4491	942.781	404.496
	4492	943.918	404.699
	4493	945.09	404.813
	4494	946.402	404.813
	4495	947.797	404.996
	4496	948.973	405.176
	4497	950.16	405.352
	4498	951.695	405.477
	4499	952.941	405.59
	4500	954.324	405.551
	4501	955.84	405.598
	4502	957.16	405.598
	4503	958.789	405.566
	4504	960.063	405.648
	4505	961.711	405.574
	4506	962.961	405.695
	4507	964.355	405.652
	4508	965.848	405.691
	4509	967.18	405.727
	4510	968.781	405.688
	4511	970.051	405.773
	4512	971.707	405.691
	4513	972.953	405.789
	4514	974.375	405.758
	4515	975.836	405.781
	4516	977.215	405.801
	4517	978.777	405.77
	4518	980.063	405.824
	4519	981.734	405.766
	4520	982.965	405.828
	4521	984.422	405.793
	4522	985.859	405.82
	4523	987.277	405.816
	4524	988.793	405.805
	4525	990.113	405.828
	4526	991.758	405.785
	4527	992.984	405.832
	4528	994.664	405.793
	4529	995.875	405.824
	4530	997.309	405.816
	4531	998.801	405.813
	4532	1000.14	405.969
	4533	1001.77	405.805
	4534	1003.01	406.016
	4535	1004.68	405.813
	4536	1005.9	406.023
	4537	1007.3	406.016
	4538	1008.81	406.023
	4539	1010.13	406.051
	4540	1011.78	406.012
	4541	1013.04	406.098
	4542	1014.7	406.012
	4543	1015.94	406.113
	4544	1017.34	406.086
	4545	1018.84	406.113
	4546	1020.16	406.129
	4547	1021.79	406.113
	4548	1023.06	406.184
	4549	1024.72	406.113
	4550	1025.97	406.223
	4551	1027.37	406.188
	4552	1028.86	406.254
	4553	1030.19	406.281
	4554	1031.79	406.277
	4555	1033.07	406.375
	4556	1034.73	406.324
	4557	1035.97	407.285
	4558	1037.34	407.273
	4559	1038.86	407.281
	4560	1040.2	407.289
	4561	1041.79	407.277
	4562	1043.07	407.297
	4563	1044.75	407.266
	4564	1046	407.297
	4565	1047.39	407.281
	4566	1048.89	407.293
	4567	1050.25	407.289
	4568	1051.8	407.281
	4569	1053.09	407.293
	4570	1054.77	407.266
	4571	1056.02	407.297
	4572	1057.41	407.273
	4573	1058.9	407.289
	4574	1060.26	407.277
	4575	1061.81	407.273
	4576	1063.11	407.281
	4577	1064.78	407.25
	4578	1066.04	407.285
	4579	1067.69	407.227
	4580	1068.73	407.184
	4581	1069.77	407.117
	4582	1070.79	407.047
	4583	1071.81	406.805
	4584	1072.84	406.816
	4585	1073.87	406.992
	4586	1074.91	407.027
	4587	1075.98	407.09
	4588	1077.04	407.195
	4589	1078.09	407.32
	4590	1079.13	407.375
	4591	1080.16	408.277
	4592	1081.21	408.285
	4593	1082.27	408.289
	4594	1083.34	408.281
	4595	1084.39	408.266
	4596	1085.68	408.219
	4597	1086.7	408.188
	4598	1087.73	408.141
	4599	1088.77	408.086
	4600	1089.77	408.016
	4601	1090.8	407.813
	4602	1091.82	407.82
	4603	1092.86	407.996
	4604	1093.9	408.023
	4605	1094.95	408.086
	4606	1096	408.188
	4607	1097.06	408.313
	4608	1098.13	408.375
	4609	1099.17	409.281
	4610	1100.23	409.289
	4611	1101.28	409.277
	4612	1102.33	409.27
	4613	1103.39	409.254
	4614	1104.66	409.199
	4615	1105.69	409.164
	4616	1106.73	409.117
	4617	1107.75	409.055
	4618	1108.77	409.008
	4619	1109.79	408.813
	4620	1110.82	408.973
	4621	1111.86	409
	4622	1112.89	409.043
	4623	1113.94	409.137
	4624	1114.99	409.258
	4625	1116.06	409.375
	4626	1117.09	410.281
	4627	1118.16	410.285
	4628	1119.23	410.293
	4629	1120.29	410.289
	4630	1121.34	410.285
	4631	1122.39	410.27
	4632	1123.67	410.219
	4633	1124.71	410.184
	4634	1125.75	410.133
	4635	1126.77	410.074
	4636	1127.78	410.008
	4637	1128.8	409.816
	4638	1129.83	409.98
	4639	1130.87	410.008
	4640	1131.92	410.074
	4641	1132.96	410.18
	4642	1134.02	410.305
	4643	1135.07	410.375
	4644	1136.11	411.281
	4645	1137.17	411.289
	4646	1138.11	411.434
	4647	1139.17	411.469
	4648	1140.23	411.52
	4649	1141.28	411.598
	4650	1142.3	411.688
	4651	1141.98	411.688
	4652	1141.43	411.695
	4653	1141.24	411.676
	4654	1140.83	411.684
	4655	1140.38	411.695
	4656	1140.14	411.68
	4657	1139.69	411.684
	4658	1139.34	411.695
	4659	1139.05	411.688
	4660	1138.55	411.691
	4661	1138.31	411.684
	4662	1137.99	411.684
	4663	1137.45	411.691
	4664	1137.26	411.676
	4665	1136.86	411.684
	4666	1136.38	411.699
	4667	1136.16	411.68
	4668	1135.71	411.688
	4669	1135.34	411.695
	4670	1135.05	411.691
	4671	1134.55	411.691
	4672	1134.31	411.684
	4673	1133.99	411.684
	4674	1133.45	411.691
	4675	1133.26	411.676
	4676	1132.86	411.684
	4677	1132.38	411.695
	4678	1132.15	411.68
	4679	1131.7	411.684
	4680	1131.34	411.695
	4681	1131.05	411.688
	4682	1130.55	411.688
	4683	1130.3	411.684
	4684	1129.98	411.684
	4685	1129.44	411.691
	4686	1129.24	411.676
	4687	1128.84	411.68
	4688	1128.37	411.695
	4689	1128.13	411.684
	4690	1127.68	411.684
	4691	1127.33	411.695
	4692	1127.05	411.688
	4693	1126.55	411.691
	4694	1126.3	411.688
	4695	1125.98	411.688
	4696	1125.45	411.695
	4697	1125.25	411.68
	4698	1124.85	411.688
	4699	1124.38	411.703
	4700	1124.15	411.684
	4701	1123.7	411.691
	4702	1123.34	411.699
	4703	1123.05	411.695
	4704	1122.56	411.695
	4705	1122.32	411.684
	4706	1122	411.688
	4707	1121.45	411.691
	4708	1121.27	411.676
	4709	1120.88	411.684
	4710	1120.38	411.695
	4711	1120.16	411.676
	4712	1119.71	411.684
	4713	1119.34	411.695
	4714	1119.05	411.688
	4715	1118.56	411.688
	4716	1118.3	411.68
	4717	1117.98	411.68
	4718	1117.44	411.688
	4719	1117.25	411.672
	4720	1116.85	411.68
	4721	1116.38	411.695
	4722	1116.14	411.68
	4723	1115.7	411.684
	4724	1115.34	411.695
	4725	1115.05	411.691
	4726	1114.55	411.699
	4727	1114.3	411.691
	4728	1114.2	411.664
	4729	1114.05	411.656
	4730	1113.93	411.629
	4731	1113.71	411.605
	4732	1113.51	411.594
	4733	1113.38	411.586
	4734	1113.33	411.563
	4735	1113.27	411.527
	4736	1113.13	411.512
	4737	1113.02	411.504
	4738	1112.84	411.488
	4739	1112.61	411.477
	4740	1112.44	411.473
	4741	1112.35	411.477
	4742	1112.32	411.449
	4743	1112.21	411.434
	4744	1112.06	411.438
	4745	1111.93	411.422
	4746	1111.72	411.414
	4747	1111.51	411.414
	4748	1111.39	411.422
	4749	1111.34	411.398
	4750	1111.27	411.398
	4751	1111.13	411.387
	4752	1111	411.371
	4753	1110.82	411.375
	4754	1110.59	411.379
	4755	1110.43	411.348
	4756	1110.35	411.301
	4757	1110.3	411.297
	4758	1110.2	411.281
	4759	1110.05	411.266
	4760	1109.93	411.258
	4761	1109.71	411.258
	4762	1109.5	411.246
	4763	1109.39	411.203
	4764	1109.34	411.172
	4765	1109.27	411.168
	4766	1109.12	411.156
	4767	1109.01	411.145
	4768	1108.83	411.145
	4769	1108.61	411.141
	4770	1108.44	411.121
	4771	1108.36	411.086
	4772	1108.31	411.074
	4773	1108.2	411.07
	4774	1108.05	411.066
	4775	1107.92	411.063
	4776	1107.71	411.063
	4777	1107.51	411.055
	4778	1107.39	411.027
	4779	1107.33	411.016
	4780	1107.27	411.008
	4781	1107.12	411.004
	4782	1107	411.008
	4783	1106.81	411.004
	4784	1106.59	411
	4785	1106.43	410.984
	4786	1106.34	410.961
	4787	1106.3	410.953
	4788	1106.18	410.941
	4789	1106.05	410.934
	4790	1105.91	410.914
	4791	1105.69	410.914
	4792	1105.49	410.914
	4793	1105.38	410.875
	4794	1105.32	410.859
	4795	1105.25	410.836
	4796	1105.1	410.816
	4797	1105.01	410.801
	4798	1104.82	410.773
	4799	1104.6	410.754
	4800	1104.43	410.734
	4801	1104.34	410.719
	4802	1104.29	410.688
	4803	1104.62	410.621
	4804	1105.14	410.566
	4805	1105.42	410.523
	4806	1106	410.477
	4807	1106.33	410.457
	4808	1106.76	410.414
	4809	1107.24	410.41
	4810	1107.5	410.402
	4811	1108.06	410.324
	4812	1108.37	410.277
	4813	1108.93	410.23
	4814	1109.3	410.168
	4815	1109.66	410.152
	4816	1110.19	410.09
	4817	1110.44	410.074
	4818	1111.02	410.039
	4819	1111.34	410.004
	4820	1111.81	410
	4821	1112.28	409.953
	4822	1112.54	409.93
	4823	1113.09	409.871
	4824	1113.38	409.82
	4825	1113.95	409.742
	4826	1114.32	409.684
	4827	1114.67	409.617
	4828	1115.19	409.555
	4829	1115.45	409.516
	4830	1116.03	409.477
	4831	1116.34	409.461
	4832	1116.82	409.414
	4833	1117.28	409.406
	4834	1117.55	409.402
	4835	1118.11	409.324
	4836	1118.39	409.285
	4837	1118.35	409.211
	4838	1118.32	409.16
	4839	1118.28	409.125
	4840	1118.2	409.09
	4841	1118.09	409.059
	4842	1118.02	409.039
	4843	1117.93	409.02
	4844	1117.8	409
	4845	1117.66	408.973
	4846	1117.54	408.93
	4847	1117.44	408.875
	4848	1117.37	408.816
	4849	1117.34	408.754
	4850	1117.31	408.68
	4851	1117.26	408.617
	4852	1117.18	408.559
	4853	1117.07	408.516
	4854	1117.02	408.473
	4855	1116.92	408.438
	4856	1116.79	408.414
	4857	1116.64	408.414
	4858	1116.52	408.402
	4859	1116.43	408.348
	4860	1116.37	408.281
	4861	1116.34	408.215
	4862	1116.3	408.168
	4863	1116.25	408.129
	4864	1116.16	408.094
	4865	1116.06	408.066
	4866	1115.99	408.043
	4867	1115.89	408.02
	4868	1115.75	408.004
	4869	1115.62	407.973
	4870	1115.5	407.934
	4871	1115.42	407.883
	4872	1115.36	407.828
	4873	1115.33	407.758
	4874	1115.29	407.688
	4875	1114.79	407.66
	4876	1114.31	407.645
	4877	1113.87	407.617
	4878	1113.33	407.613
	4879	1112.94	407.574
	4880	1112.35	407.578
	4881	1111.99	407.543
	4882	1111.36	407.539
	4883	1111.02	407.512
	4884	1110.37	407.508
	4885	1110.04	407.488
	4886	1109.39	407.477
	4887	1109.05	407.469
	4888	1108.42	407.453
	4889	1108.07	407.449
	4890	1107.47	407.43
	4891	1107.13	407.43
	4892	1106.53	407.414
	4893	1106.18	407.418
	4894	1105.6	407.414
	4895	1105.23	407.391
	4896	1104.67	407.41
	4897	1104.27	407.355
	4898	1103.74	407.371
	4899	1103.3	407.32
	4900	1102.82	407.328
	4901	1102.32	407.277
	4902	1101.9	407.285
	4903	1101.34	407.238
	4904	1100.97	407.238
	4905	1100.36	407.211
	4906	1100.02	407.199
	4907	1099.38	407.184
	4908	1099.05	407.16
	4909	1098.41	407.168
	4910	1099.36	407.191
	4911	1100.33	407.234
	4912	1101.29	407.285
	4913	1102.2	407.344
	4914	1103.08	407.387
	4915	1104.01	407.418
	4916	1104.93	407.434
	4917	1105.8	407.461
	4918	1106.66	407.5
	4919	1107.52	407.551
	4920	1108.42	407.613
	4921	1109.36	407.68
	4922	1110.32	407.734
	4923	1111.3	407.789
	4924	1112.24	407.84
	4925	1113.14	407.895
	4926	1114.05	407.941
	4927	1114.98	407.973
	4928	1115.86	408.012
	4929	1116.73	408.035
	4930	1117.59	408.059
	4931	1118.48	408.09
	4932	1119.4	408.109
	4933	1120.36	408.129
	4934	1121.33	408.168
	4935	1122.29	408.223
	4936	1123.21	408.277
	4937	1124.11	408.328
	4938	1125.02	408.375
	4939	1125.91	408.414
	4940	1126.77	408.414
	4941	1127.63	408.441
	4942	1128.51	408.48
	4943	1129.42	408.527
	4944	1130.35	408.59
	4945	1131.32	408.637
	4946	1132.29	408.691
	4947	1131.46	408.848
	4948	1130.93	408.953
	4949	1130.23	409.008
	4950	1129.4	409.078
	4951	1128.82	409.164
	4952	1128.16	409.254
	4953	1127.36	409.363
	4954	1126.7	409.422
	4955	1126.09	409.504
	4956	1125.34	409.633
	4957	1124.61	409.773
	4958	1124.05	409.906
	4959	1123.33	409.98
	4960	1122.51	410.055
	4961	1121.99	410.113
	4962	1121.3	410.195
	4963	1120.45	410.34
	4964	1119.89	410.414
	4965	1119.23	410.449
	4966	1118.39	410.563
	4967	1117.78	410.68
	4968	1117.13	410.832
	4969	1116.36	410.945
	4970	1115.64	411.027
	4971	1115.06	411.074
	4972	1114.34	411.145
	4973	1113.55	411.297
	4974	1113.01	411.375
	4975	1112.32	411.43
	4976	1111.47	411.5
	4977	1110.93	411.613
	4978	1110.24	411.758
	4979	1109.4	411.914
	4980	1108.79	411.996
	4981	1108.14	412.035
	4982	1107.36	412.102
	4983	1106.66	412.227
	4984	1106.05	412.316
	4985	1105.33	412.406
	4986	1104.57	412.465
	4987	1104.02	412.574
	4988	1103.3	412.707
	4989	1104.03	412.57
	4990	1104.61	412.457
	4991	1105.35	412.391
	4992	1106.13	412.309
	4993	1106.82	412.203
	4994	1107.42	412.102
	4995	1108.29	412.023
	4996	1108.98	411.977
	4997	1109.55	411.879
	4998	1110.34	411.723
	4999	1111.12	411.57
	5000	1111.77	411.465
	5001	1112.4	411.426
	5002	1113.27	411.344
	5003	1113.96	411.23
	5004	1114.51	411.145
	5005	1115.34	411.039
	5006	1116.07	410.992
	5007	1116.68	410.914
	5008	1117.38	410.77
	5009	1118.22	410.598
	5010	1118.89	410.488
	5011	1119.46	410.43
	5012	1120.33	410.363
	5013	1121.04	410.25
	5014	1121.62	410.168
	5015	1122.37	410.055
	5016	1123.18	410.004
	5017	1123.8	409.941
	5018	1124.42	409.809
	5019	1125.29	409.633
	5020	1125.99	409.516
	5021	1126.53	409.434
	5022	1127.35	409.383
	5023	1128.09	409.285
	5024	1128.71	409.188
	5025	1129.39	409.078
	5026	1130.23	409.012
	5027	1130.9	408.961
	5028	1131.47	408.848
	5029	1132.33	408.68
	5030	1132.33	408.68
	5031	1132.33	408.68
	5032	1132.33	408.68
	5033	1132.33	408.684
	5034	1132.33	408.684
	5035	1132.33	408.684
	5036	1132.33	408.684
	5037	1132.33	408.684
	5038	1132.33	408.684
	5039	1132.33	408.684
	5040	1132.33	408.684
	5041	1132.33	408.684
	5042	1132.33	408.684
	5043	1132.33	408.684
	5044	1132.33	408.684
	5045	1132.33	408.684
	5046	1132.33	408.684
	5047	1132.33	408.684
	5048	1132.33	408.684
	5049	1132.33	408.684
	5050	1132.33	408.684
	5051	1132.33	408.684
	5052	1132.33	408.684
	5053	1132.33	408.68
	5054	1132.33	408.68
	5055	1132.33	408.68
	5056	1132.33	408.68
	5057	1132.33	408.68
	5058	1132.33	408.68
	5059	1132.32	408.68
	5060	1132.32	408.68
	5061	1132.32	408.68
	5062	1132.32	408.68
	5063	1132.32	408.68
	5064	1132.32	408.68
	5065	1132.32	408.68
	5066	1132.32	408.68
	5067	1132.32	408.68
	5068	1132.32	408.68
	5069	1132.32	408.68
	5070	1132.32	408.68
	5071	1132.32	408.68
	5072	1132.32	408.68
	5073	1132.32	408.68
	5074	1132.32	408.68
	5075	1132.32	408.68
	5076	1132.32	408.68
	5077	1132.32	408.68
	5078	1132.32	408.68
	5079	1132.32	408.68
	5080	1132.32	408.68
	5081	1132.32	408.68
	5082	1132.32	408.68
	5083	1132.32	408.68
	5084	1132.32	408.68
	5085	1132.32	408.68
	5086	1132.32	408.68
	5087	1132.32	408.68
	5088	1132.32	408.684
	5089	1132.32	408.684
	5090	1132.32	408.68
	5091	1132.32	408.68
	5092	1132.32	408.68
	5093	1132.32	408.68
	5094	1132.32	408.68
	5095	1132.32	408.68
	5096	1132.32	408.68
	5097	1132.32	408.684
	5098	1132.32	408.684
	5099	1132.32	408.684
	5100	1132.32	408.684
	5101	1131.36	408.848
	5102	1130.45	408.969
	5103	1129.64	409.039
	5104	1128.88	409.105
	5105	1128.05	409.203
	5106	1127.2	409.332
	5107	1126.32	409.418
	5108	1125.37	409.488
	5109	1124.47	409.59
	5110	1123.69	409.738
	5111	1122.93	409.887
	5112	1122.07	409.992
	5113	1121.25	410.055
	5114	1120.33	410.145
	5115	1119.37	410.266
	5116	1118.47	410.402
	5117	1117.68	410.422
	5118	1116.92	410.496
	5119	1116.05	410.629
	5120	1115.21	410.77
	5121	1114.32	410.914
	5122	1113.37	411.012
	5123	1112.48	411.121
	5124	1111.69	411.23
	5125	1110.92	411.332
	5126	1110.05	411.41
	5127	1109.2	411.449
	5128	1108.3	411.547
	5129	1107.36	411.68
	5130	1106.46	411.82
	5131	1105.67	411.949
	5132	1104.91	412.059
	5133	1104.05	412.156
	5134	1103.21	412.266
	5135	1102.32	412.363
	5136	1101.38	412.438
	5137	1100.5	412.48
	5138	1099.72	412.578
	5139	1098.95	412.711
	5140	1098.05	412.848
	5141	1097.22	412.969
	5142	1096.32	413.094
	5143	1095.38	413.215
	5144	1094.5	413.348
	5145	1093.73	413.414
	5146	1092.97	413.438
	5147	1092.11	413.508
	5148	1091.28	413.605
	5149	1090.33	413.746
	5150	1089.39	413.883
	5151	1088.52	414.039
	5152	1087.73	414.188
	5153	1086.95	414.277
	5154	1086.1	414.367
	5155	1085.32	414.414
	5156	1084.4	414.469
	5157	1083.46	414.555
	5158	1082.63	414.648
	5159	1081.88	414.766
	5160	1081.09	414.914
	5161	1080.25	415.09
	5162	1079.35	415.246
	5163	1078.41	415.336
	5164	1079.36	415.098
	5165	1080.27	414.75
	5166	1081.11	414.531
	5167	1081.89	414.418
	5168	1082.64	414.352
	5169	1083.49	414.094
	5170	1084.41	413.773
	5171	1085.34	413.531
	5172	1086.15	413.418
	5173	1087	413.313
	5174	1087.83	413.059
	5175	1088.61	412.734
	5176	1089.43	412.52
	5177	1090.35	412.434
	5178	1091.32	412.305
	5179	1092.2	412.035
	5180	1093.05	411.719
	5181	1093.89	411.504
	5182	1094.63	411.414
	5183	1095.45	411.309
	5184	1096.36	411.012
	5185	1097.3	410.699
	5186	1098.29	410.863
	5187	1099.28	411.031
	5188	1100.26	411.203
	5189	1101.23	411.328
	5190	1102.18	411.402
	5191	1103.14	411.43
	5192	1104.08	411.488
	5193	1105.05	411.582
	5194	1106.05	411.711
	5195	1107.04	411.879
	5196	1108	412.055
	5197	1108.96	412.215
	5198	1109.91	412.34
	5199	1110.87	412.406
	5200	1111.83	412.422
	5201	1112.79	412.48
	5202	1113.73	412.566
	5203	1114.7	412.695
	5204	1115.64	412.871
	5205	1116.55	413.066
	5206	1117.53	413.238
	5207	1118.48	413.355
	5208	1119.45	413.414
	5209	1120.43	413.434
	5210	1121.41	413.484
	5211	1122.39	413.574
	5212	1123.38	413.699
	5213	1124.36	413.867
	5214	1125.35	414.043
	5215	1126.33	414.215
	5216	1127.32	414.336
	5217	1128.31	414.402
	5218	1129.3	414.43
	5219	1130.28	414.473
	5220	1131.25	414.555
	5221	1132.22	414.676
	5222	1133.18	414.855
	5223	1134.14	415.039
	5224	1135.1	415.219
	5225	1136.07	415.336
	5226	1137.04	415.402
	5227	1138.02	415.43
	5228	1138.99	415.477
	5229	1139.95	415.555
	5230	1140.91	415.68
	5231	1141.87	415.859
	5232	1142.81	416.047
	5233	1143.76	416.23
	5234	1144.69	416.355
	5235	1145.64	416.414
	5236	1146.6	416.422
	5237	1147.55	416.473
	5238	1148.51	416.563
	5239	1149.48	416.691
	5240	1150.45	416.867
	5241	1151.41	417.047
	5242	1152.39	417.215
	5243	1153.37	417.328
	5244	1154.35	417.391
	5245	1155.34	417.441
	5246	1156.34	417.492
	5247	1157.33	417.57
	5248	1158.32	417.691
	5249	1157.27	417.563
	5250	1156.18	417.48
	5251	1155.08	417.434
	5252	1154.01	417.406
	5253	1152.93	417.352
	5254	1151.82	417.246
	5255	1150.69	417.094
	5256	1149.57	416.914
	5257	1148.47	416.742
	5258	1147.4	416.605
	5259	1146.36	416.52
	5260	1145.34	416.449
	5261	1144.3	416.414
	5262	1143.23	416.367
	5263	1142.13	416.277
	5264	1141.05	416.133
	5265	1140.01	415.953
	5266	1138.91	415.777
	5267	1137.77	415.629
	5268	1136.63	415.52
	5269	1135.51	415.453
	5270	1134.43	415.422
	5271	1133.37	415.379
	5272	1132.34	415.301
	5273	1131.32	415.176
	5274	1130.27	415
	5275	1129.19	414.816
	5276	1128.09	414.664
	5277	1127.04	414.551
	5278	1125.95	414.469
	5279	1124.82	414.418
	5280	1123.68	414.414
	5281	1122.57	414.363
	5282	1121.48	414.246
	5283	1120.41	414.07
	5284	1119.37	413.883
	5285	1118.35	413.707
	5286	1118.43	413.73
	5287	1118.66	413.742
	5288	1118.97	413.758
	5289	1119.12	413.781
	5290	1119.3	413.801
	5291	1119.37	413.828
	5292	1119.48	413.852
	5293	1119.74	413.871
	5294	1120.03	413.887
	5295	1120.18	413.914
	5296	1120.32	413.926
	5297	1120.39	413.953
	5298	1120.53	413.977
	5299	1120.8	413.996
	5300	1121.05	414.008
	5301	1121.22	414.031
	5302	1121.34	414.051
	5303	1121.4	414.074
	5304	1121.55	414.113
	5305	1121.87	414.121
	5306	1122.05	414.141
	5307	1122.25	414.156
	5308	1122.35	414.172
	5309	1122.42	414.199
	5310	1122.62	414.227
	5311	1125.02	414.344
	5312	1127.3	414.414
	5313	1129.41	414.449
	5314	1131.8	414.508
	5315	1134.13	414.641
	5316	1136.35	414.84
	5317	1138.52	415.066
	5318	1140.96	415.25
	5319	1143.24	415.363
	5320	1145.38	415.43
	5321	1147.69	415.453
	5322	1150.05	415.563
	5323	1152.3	415.703
	5324	1152.05	415.766
	5325	1151.61	415.832
	5326	1151.35	415.914
	5327	1151.14	415.953
	5328	1150.83	416.027
	5329	1150.41	416.105
	5330	1150.29	416.176
	5331	1149.99	416.238
	5332	1149.52	416.309
	5333	1149.35	416.336
	5334	1149.11	416.367
	5335	1148.69	416.406
	5336	1148.39	416.402
	5337	1148.26	416.414
	5338	1147.89	416.418
	5339	1147.47	416.441
	5340	1147.34	416.441
	5341	1147.08	416.461
	5342	1146.62	416.48
	5343	1146.4	416.512
	5344	1146.21	416.523
	5345	1145.82	416.578
	5346	1145.45	416.641
	5347	1145.31	416.691
	5348	1145.02	416.781
	5349	1144.55	416.871
	5350	1144.37	416.953
	5351	1144.11	417.039
	5352	1143.68	417.137
	5353	1143.4	417.203
	5354	1143.21	417.273
	5355	1142.83	417.32
	5356	1142.45	417.352
	5357	1142.31	417.387
	5358	1141.97	417.391
	5359	1141.53	417.414
	5360	1141.37	417.414
	5361	1141.13	417.414
	5362	1140.66	417.422
	5363	1140.39	417.453
	5364	1140.19	417.453
	5365	1139.79	417.484
	5366	1139.42	417.535
	5367	1141.1	417.438
	5368	1142.5	417.41
	5369	1144.22	417.266
	5370	1145.68	417.043
	5371	1147.32	416.793
	5372	1148.88	416.586
	5373	1150.35	416.484
	5374	1151.99	416.414
	5375	1153.4	416.313
	5376	1155.06	416.102
	5377	1156.55	415.883
	5378	1158.22	415.664
	5379	1159.72	415.5
	5380	1161.3	415.438
	5381	1162.91	415.352
	5382	1164.35	415.18
	5383	1166.05	414.953
	5384	1167.48	414.711
	5385	1169.16	414.527
	5386	1170.62	414.43
	5387	1172.29	414.398
	5388	1173.89	414.305
	5389	1175.41	414.055
	5390	1177.11	413.742
	5391	1178.5	413.551
	5392	1180.26	413.434
	5393	1181.63	413.414
	5394	1183.34	413.355
	5395	1184.87	413.16
	5396	1186.4	412.852
	5397	1188.07	412.594
	5398	1189.45	412.48
	5399	1191.18	412.414
	5400	1192.56	412.391
	5401	1194.3	412.242
	5402	1195.79	411.957
	5403	1197.38	411.656
	5404	1197.39	411.656
	5405	1197.38	411.652
	5406	1197.39	411.645
	5407	1197.39	411.645
	5408	1197.39	411.645
	5409	1197.39	411.645
	5410	1197.39	411.645
	5411	1197.39	411.645
	5412	1197.39	411.645
	5413	1197.39	411.645
	5414	1197.39	411.645
	5415	1197.39	411.645
	5416	1197.39	411.645
	5417	1197.39	411.645
	5418	1197.39	411.645
	5419	1197.39	411.645
	5420	1197.39	411.645
	5421	1197.39	411.645
	5422	1197.39	411.645
	5423	1197.39	411.645
	5424	1197.39	411.645
	5425	1197.39	411.645
	5426	1197.39	411.645
	5427	1197.39	411.645
	5428	1197.39	411.645
	5429	1197.39	411.645
	5430	1197.39	411.645
	5431	1197.39	411.645
	5432	1197.39	411.645
	5433	1197.39	411.645
	5434	1197.39	411.645
	5435	1197.39	411.645

End of Keyframe Data
